Temps(s)	sigV(MPa)	Defcapt	Defax	Defrad	Defvol	Deplctcapt(m)
1.205352E+0	8.711621E-2	-6.173932E-7	-2.061447E-7	1.374321E-7	6.871949E-8	-2.464634E-2
2.413359E+0	8.882668E-2	-6.184850E-7	6.870981E-7	1.272953E-10	6.873527E-7	-2.468992E-2
3.621367E+0	1.249518E-1	6.471663E-6	5.289384E-6	4.122955E-7	6.113975E-6	2.583488E-1
4.830352E+0	1.651764E-1	1.513530E-5	1.133420E-5	6.870139E-7	1.270823E-5	6.042010E-1
6.042266E+0	2.142856E-1	3.174411E-5	2.019548E-5	1.099218E-6	2.239391E-5	1.267225E+0
7.249297E+0	2.518386E-1	4.900921E-5	2.692718E-5	2.060824E-6	3.104883E-5	1.956448E+0
8.460234E+0	2.789589E-1	6.267411E-5	3.159823E-5	1.992135E-6	3.558250E-5	2.501950E+0
9.672148E+0	2.988485E-1	7.369622E-5	3.496419E-5	2.473028E-6	3.991025E-5	2.941953E+0
1.088406E+1	3.252409E-1	8.554130E-5	3.949786E-5	2.404340E-6	4.430654E-5	3.414809E+0
1.209598E+1	3.616275E-1	9.896907E-5	4.416891E-5	2.953885E-6	5.007668E-5	3.950845E+0
1.330691E+1	3.854117E-1	1.116096E-4	4.842782E-5	3.984251E-6	5.639633E-5	4.455455E+0
1.451883E+1	4.193457E-1	1.240025E-4	5.351086E-5	3.709424E-6	6.092971E-5	4.950182E+0
1.573074E+1	4.452716E-1	1.356462E-4	5.756364E-5	4.739790E-6	6.704322E-5	5.414996E+0
1.694168E+1	4.655217E-1	1.452357E-4	6.127312E-5	4.671138E-6	7.061539E-5	5.797810E+0
1.815359E+1	5.078102E-1	1.584056E-4	6.676849E-5	5.564163E-6	7.789682E-5	6.323550E+0
1.936453E+1	5.423803E-1	1.707215E-4	7.281332E-5	5.564163E-6	8.394164E-5	6.815202E+0
2.057645E+1	5.814811E-1	1.840572E-4	7.830863E-5	6.457116E-6	9.122286E-5	7.347563E+0
2.178738E+1	6.125808E-1	1.953171E-4	8.394139E-5	6.594530E-6	9.713045E-5	7.797059E+0
2.299832E+1	6.374747E-1	2.046443E-4	8.778810E-5	6.731907E-6	1.012519E-4	8.169401E+0
2.421023E+1	6.857923E-1	2.182942E-4	9.527546E-5	7.487482E-6	1.102504E-4	8.714303E+0
2.542215E+1	7.218396E-1	2.299558E-4	1.007022E-4	8.037100E-6	1.167764E-4	9.179836E+0
2.662918E+1	7.634071E-1	2.424522E-4	1.075715E-4	8.174514E-6	1.239205E-4	9.678693E+0
2.784109E+1	8.070314E-1	2.540879E-4	1.139599E-4	9.136228E-6	1.322323E-4	1.014319E+1
2.904910E+1	8.321233E-1	2.643427E-4	1.188369E-4	9.273569E-6	1.373840E-4	1.055256E+1
3.025613E+1	8.823282E-1	2.770542E-4	1.263929E-4	1.023521E-5	1.468633E-4	1.106001E+1
3.146316E+1	9.327733E-1	2.898112E-4	1.341551E-4	1.147164E-5	1.570983E-4	1.156926E+1
3.267020E+1	9.767934E-1	3.031161E-4	1.412304E-4	1.181516E-5	1.648607E-4	1.210040E+1
3.387723E+1	1.012077E+0	3.137177E-4	1.467945E-4	1.236474E-5	1.715240E-4	1.252361E+1
3.508328E+1	1.047962E+0	3.245754E-4	1.525645E-4	1.284556E-5	1.782556E-4	1.295705E+1
3.629129E+1	1.109631E+0	3.402303E-4	1.621813E-4	1.373855E-5	1.896584E-4	1.358200E+1
3.749832E+1	1.147962E+0	3.509163E-4	1.680889E-4	1.415068E-5	1.963902E-4	1.400858E+1
3.870535E+1	1.193975E+0	3.642853E-4	1.748894E-4	1.538719E-5	2.056638E-4	1.454227E+1
3.991336E+1	1.229464E+0	3.740833E-4	1.805908E-4	1.497502E-5	2.105408E-4	1.493340E+1
4.112137E+1	1.274198E+0	3.844226E-4	1.873225E-4	1.655493E-5	2.204324E-4	1.534615E+1
4.232937E+1	1.332892E+0	3.985464E-4	1.968708E-4	1.792881E-5	2.327284E-4	1.590997E+1
4.353641E+1	1.382644E+0	4.109839E-4	2.042895E-4	1.827229E-5	2.408341E-4	1.640648E+1
4.474344E+1	1.429011E+0	4.221781E-4	2.116395E-4	1.882184E-5	2.492832E-4	1.685335E+1
4.595047E+1	1.469963E+0	4.326422E-4	2.178904E-4	1.964610E-5	2.571826E-4	1.727108E+1
4.715555E+1	1.526480E+0	4.464199E-4	2.276446E-4	2.101991E-5	2.696844E-4	1.782108E+1
4.836355E+1	1.582417E+0	4.594780E-4	2.362997E-4	2.143208E-5	2.791639E-4	1.834236E+1
4.957059E+1	1.631632E+0	4.714005E-4	2.442680E-4	2.280593E-5	2.898798E-4	1.881831E+1
5.078348E+1	1.668761E+0	4.820953E-4	2.511372E-4	2.390502E-5	2.989472E-4	1.924524E+1
5.199539E+1	1.720005E+0	4.934126E-4	2.594489E-4	2.507276E-5	3.095944E-4	1.969703E+1
5.320535E+1	1.776331E+0	5.064581E-4	2.692718E-4	2.527883E-5	3.198295E-4	2.021781E+1
5.441727E+1	1.827440E+0	5.194561E-4	2.781330E-4	2.644657E-5	3.310262E-4	2.073669E+1
5.562918E+1	1.879871E+0	5.316463E-4	2.878873E-4	2.768304E-5	3.432533E-4	2.122332E+1
5.684109E+1	1.913211E+0	5.410511E-4	2.943444E-4	2.864479E-5	3.516339E-4	2.159876E+1
5.805203E+1	1.979411E+0	5.550914E-4	3.061593E-4	2.981257E-5	3.657845E-4	2.215925E+1
5.926395E+1	2.032302E+0	5.687530E-4	3.155014E-4	3.159855E-5	3.786985E-4	2.270462E+1
6.047488E+1	2.081807E+0	5.811853E-4	3.259425E-4	3.297239E-5	3.918873E-4	2.320092E+1
6.168680E+1	2.119734E+0	5.921545E-4	3.337734E-4	3.400276E-5	4.017789E-4	2.363881E+1
6.289871E+1	2.167677E+0	6.039919E-4	3.431841E-4	3.606345E-5	4.153110E-4	2.411136E+1
6.410965E+1	2.223728E+0	6.177645E-4	3.534878E-4	3.668169E-5	4.268512E-4	2.466116E+1
6.532156E+1	2.269932E+0	6.308446E-4	3.633794E-4	3.798685E-5	4.393531E-4	2.518332E+1
6.653348E+1	2.314567E+0	6.426807E-4	3.734771E-4	3.949803E-5	4.524732E-4	2.565581E+1
6.774441E+1	2.348261E+0	6.527676E-4	3.802775E-4	4.135266E-5	4.629828E-4	2.605848E+1
6.895535E+1	2.399681E+0	6.648327E-4	3.911995E-4	4.279523E-5	4.767900E-4	2.654012E+1
7.016629E+1	2.454820E+0	6.785392E-4	4.023963E-4	4.464990E-5	4.916961E-4	2.708729E+1
7.137820E+1	2.501639E+0	6.927083E-4	4.130435E-4	4.588637E-5	5.048162E-4	2.765291E+1
7.258914E+1	2.546846E+0	7.033764E-4	4.228665E-4	4.849672E-5	5.198599E-4	2.807879E+1
7.380008E+1	2.573712E+0	7.137794E-4	4.309034E-4	4.945840E-5	5.298202E-4	2.849407E+1
7.501199E+1	2.635219E+0	7.263438E-4	4.420314E-4	5.186254E-5	5.457565E-4	2.899565E+1
7.622391E+1	2.680044E+0	7.392528E-4	4.528848E-4	5.344252E-5	5.597698E-4	2.951097E+1
7.743582E+1	2.726015E+0	7.524653E-4	4.639441E-4	5.550325E-5	5.749506E-4	3.003842E+1
7.864676E+1	2.762325E+0	7.647635E-4	4.731487E-4	5.687703E-5	5.869028E-4	3.052936E+1
7.985379E+1	2.791459E+0	7.737811E-4	4.810483E-4	5.845698E-5	5.979623E-4	3.088934E+1
8.106570E+1	2.850160E+0	7.876226E-4	4.928632E-4	6.003689E-5	6.129370E-4	3.144189E+1
8.227762E+1	2.891317E+0	8.005512E-4	5.032357E-4	6.230368E-5	6.278430E-4	3.195800E+1
8.348465E+1	2.937748E+0	8.130841E-4	5.138830E-4	6.402105E-5	6.419251E-4	3.245832E+1
8.469656E+1	2.973788E+0	8.248171E-4	5.236372E-4	6.539486E-5	6.544269E-4	3.292670E+1
8.590848E+1	3.004018E+0	8.349080E-4	5.320862E-4	6.759301E-5	6.672723E-4	3.332953E+1
8.712039E+1	3.063801E+0	8.490162E-4	5.441072E-4	6.972239E-5	6.835520E-4	3.389273E+1
8.833133E+1	3.100767E+0	8.607852E-4	5.541362E-4	7.185181E-5	6.978398E-4	3.436254E+1
8.954324E+1	3.144681E+0	8.735461E-4	5.648521E-4	7.377520E-5	7.124025E-4	3.487196E+1
9.075516E+1	3.180735E+0	8.853402E-4	5.750872E-4	7.501167E-5	7.251105E-4	3.534278E+1
9.196707E+1	3.211474E+0	8.958163E-4	5.835363E-4	7.666034E-5	7.368570E-4	3.576098E+1
9.317801E+1	3.269036E+0	9.088964E-4	5.951452E-4	7.844636E-5	7.520379E-4	3.628314E+1
9.438992E+1	3.312039E+0	9.224130E-4	6.067541E-4	8.105660E-5	7.688673E-4	3.682273E+1
9.560184E+1	3.354256E+0	9.349484E-4	6.173326E-4	8.332347E-5	7.839796E-4	3.732314E+1
9.681375E+1	3.384882E+0	9.458683E-4	6.266748E-4	8.531559E-5	7.973060E-4	3.775906E+1
9.802566E+1	3.413988E+0	9.560473E-4	6.363603E-4	8.682681E-5	8.100139E-4	3.816541E+1
9.923660E+1	3.475806E+0	9.698487E-4	6.482439E-4	8.868144E-5	8.256068E-4	3.871636E+1
1.004475E+2	3.514236E+0	9.818144E-4	6.597154E-4	9.074213E-5	8.411997E-4	3.919403E+1
1.016595E+2	3.559274E+0	9.955418E-4	6.714616E-4	9.335241E-5	8.581665E-4	3.974203E+1
1.028714E+2	3.591829E+0	1.006186E-3	6.806664E-4	9.534453E-5	8.713554E-4	4.016696E+1
1.040823E+2	3.628174E+0	1.017199E-3	6.909014E-4	9.754260E-5	8.859866E-4	4.060660E+1
1.052942E+2	3.680378E+0	1.030782E-3	7.017547E-4	9.843570E-5	8.986261E-4	4.114881E+1
1.065052E+2	3.724469E+0	1.043292E-3	7.140505E-4	1.009773E-4	9.160051E-4	4.164823E+1
1.077161E+2	3.759993E+0	1.055535E-3	7.248351E-4	1.033815E-4	9.315981E-4	4.213695E+1
1.089280E+2	3.793538E+0	1.066394E-3	7.347267E-4	1.057171E-4	9.461608E-4	4.257045E+1
1.101399E+2	3.836746E+0	1.078096E-3	7.451678E-4	1.076404E-4	9.604486E-4	4.303758E+1
1.113518E+2	3.890238E+0	1.092197E-3	7.578071E-4	1.093576E-4	9.765222E-4	4.360049E+1
1.125628E+2	3.930929E+0	1.104251E-3	7.690725E-4	1.124487E-4	9.939700E-4	4.408170E+1
1.137737E+2	3.970065E+0	1.116365E-3	7.797884E-4	1.142347E-4	1.008258E-3	4.456530E+1
1.149856E+2	4.002564E+0	1.126710E-3	7.896113E-4	1.168451E-4	1.023301E-3	4.497825E+1
1.161966E+2	4.043940E+0	1.138134E-3	7.999837E-4	1.182189E-4	1.036422E-3	4.543429E+1
1.174095E+2	4.100407E+0	1.151715E-3	8.128978E-4	1.212414E-4	1.055381E-3	4.597648E+1
1.186214E+2	4.139995E+0	1.164696E-3	8.237511E-4	1.231647E-4	1.070081E-3	4.649465E+1
1.198323E+2	4.179867E+0	1.176704E-3	8.358408E-4	1.253628E-4	1.086566E-3	4.697404E+1
1.210432E+2	4.209340E+0	1.187011E-3	8.448394E-4	1.275610E-4	1.099962E-3	4.738549E+1
1.222552E+2	4.253806E+0	1.198232E-3	8.565857E-4	1.300339E-4	1.116653E-3	4.783343E+1
1.234661E+2	4.305948E+0	1.212158E-3	8.691562E-4	1.320259E-4	1.133208E-3	4.838937E+1
1.246780E+2	4.355664E+0	1.225436E-3	8.809712E-4	1.340867E-4	1.149145E-3	4.891942E+1
1.258889E+2	4.393797E+0	1.237090E-3	8.921679E-4	1.363535E-4	1.164875E-3	4.938463E+1
1.270999E+2	4.418620E+0	1.247119E-3	9.013039E-4	1.391012E-4	1.179506E-3	4.978497E+1
1.283108E+2	4.470245E+0	1.259002E-3	9.133249E-4	1.410246E-4	1.195374E-3	5.025935E+1
1.295227E+2	4.519743E+0	1.272514E-3	9.262390E-4	1.433601E-4	1.212959E-3	5.079877E+1
1.307346E+2	4.567015E+0	1.285281E-3	9.384661E-4	1.460390E-4	1.230544E-3	5.130842E+1
1.319456E+2	4.603345E+0	1.296446E-3	9.482890E-4	1.478251E-4	1.243939E-3	5.175411E+1
1.331585E+2	4.636296E+0	1.306984E-3	9.587988E-4	1.505040E-4	1.259807E-3	5.217482E+1
1.343694E+2	4.689555E+0	1.320342E-3	9.710259E-4	1.525648E-4	1.276155E-3	5.270807E+1
1.355804E+2	4.730076E+0	1.332606E-3	9.834591E-4	1.554498E-4	1.294359E-3	5.319763E+1
1.367913E+2	4.776718E+0	1.344582E-3	9.949306E-4	1.568923E-4	1.308715E-3	5.367571E+1
1.380032E+2	4.808730E+0	1.355181E-3	1.004067E-3	1.596400E-4	1.323347E-3	5.409884E+1
1.392141E+2	4.857648E+0	1.367670E-3	1.016431E-3	1.619068E-4	1.340245E-3	5.459737E+1
1.404221E+2	4.906708E+0	1.379971E-3	1.028589E-3	1.641050E-4	1.356799E-3	5.508843E+1
1.416331E+2	4.953315E+0	1.392619E-3	1.041297E-3	1.667839E-4	1.374865E-3	5.559335E+1
1.428440E+2	4.985446E+0	1.403483E-3	1.051601E-3	1.688447E-4	1.389290E-3	5.602703E+1
1.440559E+2	5.029955E+0	1.414499E-3	1.062798E-3	1.716610E-4	1.406120E-3	5.646680E+1
1.452669E+2	5.084491E+0	1.426830E-3	1.075368E-3	1.735158E-4	1.422400E-3	5.695907E+1
1.464778E+2	5.131515E+0	1.438493E-3	1.087801E-3	1.762634E-4	1.440328E-3	5.742464E+1
1.476887E+2	5.166623E+0	1.449904E-3	1.098929E-3	1.790111E-4	1.456952E-3	5.788015E+1
1.488997E+2	5.208579E+0	1.460510E-3	1.108958E-3	1.809345E-4	1.470827E-3	5.830357E+1
1.501116E+2	5.260119E+0	1.472408E-3	1.121941E-3	1.843003E-4	1.490542E-3	5.877853E+1
1.513225E+2	5.299454E+0	1.483327E-3	1.132932E-3	1.857428E-4	1.504417E-3	5.921440E+1
1.525345E+2	5.328399E+0	1.493225E-3	1.142686E-3	1.884218E-4	1.519529E-3	5.960953E+1
1.537454E+2	5.376688E+0	1.503493E-3	1.154089E-3	1.909633E-4	1.536015E-3	6.001942E+1
1.549554E+2	5.414757E+0	1.512403E-3	1.163568E-3	1.925432E-4	1.548654E-3	6.037514E+1
1.561673E+2	5.438230E+0	1.519550E-3	1.171262E-3	1.943979E-4	1.560057E-3	6.066043E+1
1.573792E+2	5.477373E+0	1.526754E-3	1.180947E-3	1.959778E-4	1.572903E-3	6.094800E+1
1.585911E+2	5.513024E+0	1.533595E-3	1.189671E-3	1.982447E-4	1.586160E-3	6.122112E+1
1.598020E+2	5.560698E+0	1.540932E-3	1.198944E-3	2.004428E-4	1.599830E-3	6.151399E+1
1.610139E+2	5.605559E+0	1.547699E-3	1.210209E-3	2.026410E-4	1.615491E-3	6.178416E+1
1.622259E+2	5.667511E+0	1.556092E-3	1.222299E-3	2.053200E-4	1.632939E-3	6.211919E+1
1.634368E+2	5.743578E+0	1.568888E-3	1.238442E-3	2.085485E-4	1.655539E-3	6.263002E+1
1.646487E+2	5.846715E+0	1.587979E-3	1.260492E-3	2.116396E-4	1.683771E-3	6.339210E+1
1.658596E+2	5.935541E+0	1.607361E-3	1.282129E-3	2.168601E-4	1.715850E-3	6.416584E+1
1.670706E+2	6.025221E+0	1.627306E-3	1.303836E-3	2.211190E-4	1.746074E-3	6.496206E+1
1.682815E+2	6.109323E+0	1.648342E-3	1.326161E-3	2.254466E-4	1.777054E-3	6.580181E+1
1.694944E+2	6.162383E+0	1.665643E-3	1.343402E-3	2.297742E-4	1.802951E-3	6.649247E+1
1.707054E+2	6.225750E+0	1.682234E-3	1.359751E-3	2.338270E-4	1.827405E-3	6.715480E+1
1.719173E+2	6.272208E+0	1.696547E-3	1.373283E-3	2.365060E-4	1.846295E-3	6.772617E+1
1.731292E+2	6.305881E+0	1.707853E-3	1.384548E-3	2.389788E-4	1.862506E-3	6.817750E+1
1.743411E+2	6.337644E+0	1.718624E-3	1.394577E-3	2.421387E-4	1.878854E-3	6.860748E+1
1.755530E+2	6.399822E+0	1.731130E-3	1.407697E-3	2.443368E-4	1.896371E-3	6.910672E+1
1.767610E+2	6.450713E+0	1.744098E-3	1.420474E-3	2.467411E-4	1.913956E-3	6.962439E+1
1.779739E+2	6.499745E+0	1.756582E-3	1.432632E-3	2.499008E-4	1.932434E-3	7.012274E+1
1.791848E+2	6.533410E+0	1.766926E-3	1.443073E-3	2.518242E-4	1.946722E-3	7.053570E+1
1.803958E+2	6.593913E+0	1.778254E-3	1.455232E-3	2.540910E-4	1.963414E-3	7.098790E+1
1.816077E+2	6.652839E+0	1.791913E-3	1.469245E-3	2.574569E-4	1.984159E-3	7.153318E+1
1.828196E+2	6.712253E+0	1.805450E-3	1.483052E-3	2.599985E-4	2.003049E-3	7.207357E+1
1.840315E+2	6.750350E+0	1.816814E-3	1.494798E-3	2.626775E-4	2.020153E-3	7.252721E+1
1.852434E+2	6.793896E+0	1.827451E-3	1.505308E-3	2.648070E-4	2.034922E-3	7.295186E+1
1.864544E+2	6.858810E+0	1.841120E-3	1.520420E-3	2.679668E-4	2.056353E-3	7.349752E+1
1.876643E+2	6.912033E+0	1.853822E-3	1.532235E-3	2.700275E-4	2.072290E-3	7.400457E+1
1.888762E+2	6.961757E+0	1.865860E-3	1.545080E-3	2.735308E-4	2.092141E-3	7.448512E+1
1.900872E+2	6.999557E+0	1.876664E-3	1.555590E-3	2.754542E-4	2.106498E-3	7.491644E+1
1.912991E+2	7.060322E+0	1.889751E-3	1.568298E-3	2.780644E-4	2.124426E-3	7.543887E+1
1.925100E+2	7.116223E+0	1.902239E-3	1.581692E-3	2.806747E-4	2.143042E-3	7.593739E+1
1.937210E+2	7.168598E+0	1.914723E-3	1.594538E-3	2.841780E-4	2.162894E-3	7.643573E+1
1.949319E+2	7.214413E+0	1.926540E-3	1.606009E-3	2.863761E-4	2.178761E-3	7.690748E+1
1.961438E+2	7.255593E+0	1.937334E-3	1.616656E-3	2.886429E-4	2.193942E-3	7.733838E+1
1.973557E+2	7.324216E+0	1.950510E-3	1.630395E-3	2.914593E-4	2.213313E-3	7.786434E+1
1.985628E+2	7.372519E+0	1.962436E-3	1.642072E-3	2.939322E-4	2.229937E-3	7.834043E+1
1.997737E+2	7.435065E+0	1.975573E-3	1.656085E-3	2.964051E-4	2.248895E-3	7.886486E+1
2.009856E+2	7.466744E+0	1.985750E-3	1.665633E-3	2.990841E-4	2.263801E-3	7.927112E+1
2.021975E+2	7.522103E+0	1.997864E-3	1.678135E-3	3.012135E-4	2.280562E-3	7.975471E+1
2.034104E+2	7.590846E+0	2.010763E-3	1.692079E-3	3.041672E-4	2.300414E-3	8.026965E+1
2.046214E+2	7.643306E+0	2.023513E-3	1.703963E-3	3.065715E-4	2.317106E-3	8.077865E+1
2.058323E+2	7.692253E+0	2.035381E-3	1.716328E-3	3.088383E-4	2.334004E-3	8.125240E+1
2.070442E+2	7.727975E+0	2.045497E-3	1.726494E-3	3.119294E-4	2.350353E-3	8.165625E+1
2.082552E+2	7.798635E+0	2.058722E-3	1.740163E-3	3.139215E-4	2.368006E-3	8.218420E+1
2.094671E+2	7.858912E+0	2.071068E-3	1.753146E-3	3.178368E-4	2.388820E-3	8.267702E+1
2.106790E+2	7.917448E+0	2.084240E-3	1.765236E-3	3.192794E-4	2.403794E-3	8.320286E+1
2.118909E+2	7.953686E+0	2.094476E-3	1.776295E-3	3.225079E-4	2.421311E-3	8.361148E+1
2.131028E+2	8.017596E+0	2.106934E-3	1.789278E-3	3.247061E-4	2.438690E-3	8.410882E+1
2.143137E+2	8.080764E+0	2.119840E-3	1.802329E-3	3.276598E-4	2.457649E-3	8.462402E+1
2.155257E+2	8.137762E+0	2.132790E-3	1.815037E-3	3.301327E-4	2.475302E-3	8.514099E+1
2.167366E+2	8.188220E+0	2.144035E-3	1.826989E-3	3.331551E-4	2.493299E-3	8.558988E+1
2.179485E+2	8.236128E+0	2.155170E-3	1.838117E-3	3.355593E-4	2.509236E-3	8.603439E+1
2.191604E+2	8.313594E+0	2.168664E-3	1.852199E-3	3.383070E-4	2.528813E-3	8.657307E+1
2.203704E+2	8.376169E+0	2.181859E-3	1.865388E-3	3.411920E-4	2.547772E-3	8.709980E+1
2.215804E+2	8.427994E+0	2.193815E-3	1.877752E-3	3.441457E-4	2.566044E-3	8.757710E+1
2.227913E+2	8.467002E+0	2.203948E-3	1.887987E-3	3.464126E-4	2.580812E-3	8.798159E+1
2.240032E+2	8.542206E+0	2.216420E-3	1.900764E-3	3.486794E-4	2.598123E-3	8.847949E+1
2.252151E+2	8.605775E+0	2.229561E-3	1.913334E-3	3.506028E-4	2.614540E-3	8.900407E+1
2.264261E+2	8.661471E+0	2.241673E-3	1.926386E-3	3.543121E-4	2.635010E-3	8.948758E+1
2.276370E+2	8.710892E+0	2.252893E-3	1.937720E-3	3.564416E-4	2.650603E-3	8.993548E+1
2.288489E+2	8.768044E+0	2.263979E-3	1.948985E-3	3.591893E-4	2.667364E-3	9.037803E+1
2.300598E+2	8.845879E+0	2.278132E-3	1.963273E-3	3.617308E-4	2.686735E-3	9.094304E+1
2.312708E+2	8.904756E+0	2.290355E-3	1.975363E-3	3.646159E-4	2.704594E-3	9.143096E+1
2.324817E+2	8.965089E+0	2.302077E-3	1.988345E-3	3.669514E-4	2.722248E-3	9.189893E+1
2.336936E+2	9.008727E+0	2.312919E-3	1.999198E-3	3.693556E-4	2.737910E-3	9.233171E+1
2.349046E+2	9.082149E+0	2.325400E-3	2.012525E-3	3.725154E-4	2.757555E-3	9.282996E+1
2.361165E+2	9.149183E+0	2.338160E-3	2.025645E-3	3.751944E-4	2.776033E-3	9.333937E+1
2.373225E+2	9.217150E+0	2.351010E-3	2.038696E-3	3.780795E-4	2.794855E-3	9.385232E+1
2.385305E+2	9.258774E+0	2.362259E-3	2.049274E-3	3.806210E-4	2.810516E-3	9.430138E+1
2.397376E+2	9.323440E+0	2.373799E-3	2.061570E-3	3.828192E-4	2.827208E-3	9.476206E+1
2.409446E+2	9.396079E+0	2.386882E-3	2.074072E-3	3.852921E-4	2.844656E-3	9.528435E+1
2.421526E+2	9.465119E+0	2.399823E-3	2.087329E-3	3.878337E-4	2.862997E-3	9.580094E+1
2.433596E+2	9.512927E+0	2.410913E-3	2.098389E-3	3.907874E-4	2.879963E-3	9.624366E+1
2.445677E+2	9.567450E+0	2.422096E-3	2.108761E-3	3.924360E-4	2.893633E-3	9.669006E+1
2.457737E+2	9.650720E+0	2.435299E-3	2.123255E-3	3.951837E-4	2.913622E-3	9.721713E+1
2.469807E+2	9.711287E+0	2.447861E-3	2.135963E-3	3.986182E-4	2.933199E-3	9.771862E+1
2.481878E+2	9.784810E+0	2.460571E-3	2.148877E-3	4.012972E-4	2.951471E-3	9.822600E+1
2.493948E+2	9.820717E+0	2.470065E-3	2.158562E-3	4.039075E-4	2.966377E-3	9.860498E+1
2.506018E+2	9.890840E+0	2.482654E-3	2.170927E-3	4.061743E-4	2.983276E-3	9.910754E+1
2.518079E+2	9.977741E+0	2.496516E-3	2.184459E-3	4.080977E-4	3.000654E-3	9.966091E+1
2.530139E+2	1.003725E+1	2.508790E-3	2.197167E-3	4.113262E-4	3.019819E-3	1.001509E+2
2.542210E+2	1.009544E+1	2.520641E-3	2.209256E-3	4.139365E-4	3.037129E-3	1.006240E+2
2.554280E+2	1.014448E+1	2.530641E-3	2.218804E-3	4.162720E-4	3.051348E-3	1.010232E+2
2.566350E+2	1.022852E+1	2.543633E-3	2.232886E-3	4.184701E-4	3.069826E-3	1.015418E+2
2.578421E+2	1.029780E+1	2.555933E-3	2.244770E-3	4.211491E-4	3.087068E-3	1.020328E+2
2.590491E+2	1.037124E+1	2.568699E-3	2.257203E-3	4.234846E-4	3.104172E-3	1.025424E+2
2.602552E+2	1.041439E+1	2.579539E-3	2.267712E-3	4.261636E-4	3.120040E-3	1.029752E+2
2.614622E+2	1.048035E+1	2.590903E-3	2.278909E-3	4.288426E-4	3.136594E-3	1.034289E+2
2.626692E+2	1.056678E+1	2.603872E-3	2.293129E-3	4.313841E-4	3.155897E-3	1.039466E+2
2.638762E+2	1.064411E+1	2.617254E-3	2.305974E-3	4.348874E-4	3.175749E-3	1.044808E+2
2.650833E+2	1.070281E+1	2.628437E-3	2.317995E-3	4.361238E-4	3.190243E-3	1.049272E+2
2.662903E+2	1.076161E+1	2.639796E-3	2.329535E-3	4.390089E-4	3.207553E-3	1.053806E+2
2.674973E+2	1.085112E+1	2.653032E-3	2.342724E-3	4.418253E-4	3.226374E-3	1.059090E+2
2.687054E+2	1.091668E+1	2.664625E-3	2.355225E-3	4.442981E-4	3.243822E-3	1.063718E+2
2.699134E+2	1.099148E+1	2.677244E-3	2.367933E-3	4.465650E-4	3.261063E-3	1.068756E+2
2.711214E+2	1.103885E+1	2.687387E-3	2.377756E-3	4.490379E-4	3.275832E-3	1.072805E+2
2.723294E+2	1.112274E+1	2.700120E-3	2.391289E-3	4.515795E-4	3.294447E-3	1.077888E+2
2.735364E+2	1.121147E+1	2.712997E-3	2.404752E-3	4.548080E-4	3.314368E-3	1.083028E+2
2.747434E+2	1.128948E+1	2.725803E-3	2.417116E-3	4.576243E-4	3.332365E-3	1.088141E+2
2.759505E+2	1.133487E+1	2.735354E-3	2.428382E-3	4.600285E-4	3.348439E-3	1.091953E+2
2.771565E+2	1.141600E+1	2.747598E-3	2.441158E-3	4.622267E-4	3.365612E-3	1.096841E+2
2.783626E+2	1.150460E+1	2.760664E-3	2.454484E-3	4.641500E-4	3.382784E-3	1.102057E+2
2.795686E+2	1.158929E+1	2.773205E-3	2.467879E-3	4.668290E-4	3.401537E-3	1.107064E+2
2.807757E+2	1.165499E+1	2.784818E-3	2.480106E-3	4.695767E-4	3.419259E-3	1.111699E+2
2.819827E+2	1.171493E+1	2.795704E-3	2.491440E-3	4.721182E-4	3.435677E-3	1.116045E+2
2.831897E+2	1.181296E+1	2.808859E-3	2.505179E-3	4.745911E-4	3.454361E-3	1.121297E+2
2.843977E+2	1.190042E+1	2.822008E-3	2.518093E-3	4.778196E-4	3.473732E-3	1.126546E+2
2.856038E+2	1.196298E+1	2.833745E-3	2.530457E-3	4.796056E-4	3.489668E-3	1.131231E+2
2.868108E+2	1.201701E+1	2.843838E-3	2.541241E-3	4.822159E-4	3.505673E-3	1.135260E+2
2.880179E+2	1.212839E+1	2.857866E-3	2.555255E-3	4.849636E-4	3.525182E-3	1.140860E+2
2.892249E+2	1.220399E+1	2.869288E-3	2.567138E-3	4.868182E-4	3.540775E-3	1.145420E+2
2.904358E+2	1.228327E+1	2.881863E-3	2.580395E-3	4.900467E-4	3.560489E-3	1.150440E+2
2.916468E+2	1.234417E+1	2.892547E-3	2.590905E-3	4.925196E-4	3.575945E-3	1.154705E+2
2.928577E+2	1.243876E+1	2.905655E-3	2.604300E-3	4.945804E-4	3.593461E-3	1.159938E+2
2.940686E+2	1.252393E+1	2.918155E-3	2.617214E-3	4.969159E-4	3.611046E-3	1.164927E+2
2.952796E+2	1.260811E+1	2.930943E-3	2.630266E-3	5.000070E-4	3.630280E-3	1.170033E+2
2.964915E+2	1.266436E+1	2.941057E-3	2.640501E-3	5.026860E-4	3.645873E-3	1.174070E+2
2.977024E+2	1.275775E+1	2.953197E-3	2.652865E-3	5.044033E-4	3.661671E-3	1.178916E+2
2.989134E+2	1.285117E+1	2.966733E-3	2.666740E-3	5.067388E-4	3.680218E-3	1.184320E+2
3.001233E+2	1.293876E+1	2.979237E-3	2.679174E-3	5.098986E-4	3.698971E-3	1.189311E+2
3.013343E+2	1.300583E+1	2.990206E-3	2.690096E-3	5.120281E-4	3.714152E-3	1.193690E+2
3.025452E+2	1.309036E+1	3.001842E-3	2.702391E-3	5.148444E-4	3.732080E-3	1.198335E+2
3.037571E+2	1.318342E+1	3.014967E-3	2.715305E-3	5.170425E-4	3.749390E-3	1.203575E+2
3.049680E+2	1.328885E+1	3.027898E-3	2.729181E-3	5.193094E-4	3.767800E-3	1.208737E+2
3.061790E+2	1.334500E+1	3.038378E-3	2.740378E-3	5.219883E-4	3.784354E-3	1.212920E+2
3.073909E+2	1.342405E+1	3.049337E-3	2.751505E-3	5.244612E-4	3.800428E-3	1.217295E+2
3.086018E+2	1.354380E+1	3.063278E-3	2.766412E-3	5.269341E-4	3.820280E-3	1.222861E+2
3.098137E+2	1.363208E+1	3.076014E-3	2.778776E-3	5.296818E-4	3.838139E-3	1.227945E+2
3.110247E+2	1.370629E+1	3.087447E-3	2.790797E-3	5.313990E-4	3.853595E-3	1.232509E+2
3.122366E+2	1.379204E+1	3.099173E-3	2.802337E-3	5.339406E-4	3.870218E-3	1.237190E+2
3.134475E+2	1.388720E+1	3.111327E-3	2.815114E-3	5.366883E-4	3.888490E-3	1.242042E+2
3.146604E+2	1.399546E+1	3.124821E-3	2.829882E-3	5.392299E-4	3.908342E-3	1.247429E+2
3.158714E+2	1.406438E+1	3.135320E-3	2.840667E-3	5.413593E-4	3.923385E-3	1.251620E+2
3.170823E+2	1.415039E+1	3.147068E-3	2.852619E-3	5.439696E-4	3.940558E-3	1.256310E+2
3.182942E+2	1.426190E+1	3.159910E-3	2.866014E-3	5.462364E-4	3.958487E-3	1.261436E+2
3.195061E+2	1.434765E+1	3.172516E-3	2.878790E-3	5.489154E-4	3.976621E-3	1.266469E+2
3.207180E+2	1.442722E+1	3.182815E-3	2.889644E-3	5.508387E-4	3.991321E-3	1.270580E+2
3.219290E+2	1.452631E+1	3.195007E-3	2.902626E-3	5.535177E-4	4.009661E-3	1.275447E+2
3.231399E+2	1.462780E+1	3.207798E-3	2.915059E-3	5.555784E-4	4.026216E-3	1.280553E+2
3.243509E+2	1.474152E+1	3.221227E-3	2.929072E-3	5.582574E-4	4.045587E-3	1.285914E+2
3.255618E+2	1.481539E+1	3.232789E-3	2.940612E-3	5.601121E-4	4.060836E-3	1.290530E+2
3.267727E+2	1.490902E+1	3.244497E-3	2.953183E-3	5.632031E-4	4.079589E-3	1.295203E+2
3.279837E+2	1.502267E+1	3.257236E-3	2.966578E-3	5.654013E-4	4.097380E-3	1.300289E+2
3.291946E+2	1.512619E+1	3.269989E-3	2.979629E-3	5.680115E-4	4.115652E-3	1.305379E+2
3.304055E+2	1.520321E+1	3.280426E-3	2.990826E-3	5.700036E-4	4.130833E-3	1.309546E+2
3.316175E+2	1.530694E+1	3.292478E-3	3.002915E-3	5.717896E-4	4.146494E-3	1.314357E+2
3.328284E+2	1.542544E+1	3.305265E-3	3.017134E-3	5.742625E-4	4.165659E-3	1.319462E+2
3.340384E+2	1.553723E+1	3.318526E-3	3.031285E-3	5.765979E-4	4.184481E-3	1.324756E+2
3.352493E+2	1.561039E+1	3.328699E-3	3.042138E-3	5.790708E-4	4.200280E-3	1.328817E+2
3.364612E+2	1.572234E+1	3.340664E-3	3.055258E-3	5.820933E-4	4.219444E-3	1.333593E+2
3.376721E+2	1.585063E+1	3.354619E-3	3.068859E-3	5.840166E-4	4.236892E-3	1.339164E+2
3.388831E+2	1.595297E+1	3.366538E-3	3.081773E-3	5.859400E-4	4.253653E-3	1.343922E+2
3.400940E+2	1.602671E+1	3.377275E-3	3.093038E-3	5.889624E-4	4.270963E-3	1.348208E+2
3.413050E+2	1.614733E+1	3.390086E-3	3.106845E-3	5.906110E-4	4.288067E-3	1.353322E+2
3.425159E+2	1.625599E+1	3.402088E-3	3.119141E-3	5.933587E-4	4.305858E-3	1.358113E+2
3.437268E+2	1.637758E+1	3.415215E-3	3.132330E-3	5.954194E-4	4.323168E-3	1.363354E+2
3.449368E+2	1.645108E+1	3.425684E-3	3.143114E-3	5.973427E-4	4.337799E-3	1.367533E+2
3.461468E+2	1.655910E+1	3.437229E-3	3.155135E-3	5.997469E-4	4.354629E-3	1.372142E+2
3.473567E+2	1.668936E+1	3.450638E-3	3.169354E-3	6.023572E-4	4.374068E-3	1.377495E+2
3.485667E+2	1.677799E+1	3.462205E-3	3.181650E-3	6.048988E-4	4.391448E-3	1.382112E+2
3.497766E+2	1.686989E+1	3.473191E-3	3.192847E-3	6.068908E-4	4.406629E-3	1.386498E+2
3.509876E+2	1.700964E+1	3.486148E-3	3.206654E-3	6.092264E-4	4.425106E-3	1.391670E+2
3.521975E+2	1.713941E+1	3.499016E-3	3.220530E-3	6.117679E-4	4.444066E-3	1.396807E+2
3.534095E+2	1.723611E+1	3.511049E-3	3.232551E-3	6.136226E-4	4.459796E-3	1.401611E+2
3.546204E+2	1.733646E+1	3.522923E-3	3.244640E-3	6.160268E-4	4.476694E-3	1.406351E+2
3.558304E+2	1.745338E+1	3.534911E-3	3.257760E-3	6.183623E-4	4.494485E-3	1.411137E+2
3.570413E+2	1.757384E+1	3.546954E-3	3.269987E-3	6.204230E-4	4.510833E-3	1.415944E+2
3.582522E+2	1.766465E+1	3.557793E-3	3.281252E-3	6.222777E-4	4.525807E-3	1.420271E+2
3.594622E+2	1.780888E+1	3.571145E-3	3.295128E-3	6.241323E-4	4.543392E-3	1.425601E+2
3.606731E+2	1.790602E+1	3.582331E-3	3.307080E-3	6.262618E-4	4.559603E-3	1.430067E+2
3.618841E+2	1.803894E+1	3.595130E-3	3.320406E-3	6.292842E-4	4.578974E-3	1.435176E+2
3.630950E+2	1.813537E+1	3.606094E-3	3.332495E-3	6.307954E-4	4.594086E-3	1.439553E+2
3.643059E+2	1.827324E+1	3.618757E-3	3.345272E-3	6.327187E-4	4.610710E-3	1.444608E+2
3.655159E+2	1.840365E+1	3.631333E-3	3.358393E-3	6.348482E-4	4.628089E-3	1.449628E+2
3.667259E+2	1.849335E+1	3.642443E-3	3.370139E-3	6.370463E-4	4.644231E-3	1.454063E+2
3.679368E+2	1.862730E+1	3.654923E-3	3.383465E-3	6.392444E-4	4.661954E-3	1.459045E+2
3.691477E+2	1.875961E+1	3.667504E-3	3.396654E-3	6.410991E-4	4.678852E-3	1.464068E+2
3.703587E+2	1.888587E+1	3.680058E-3	3.409568E-3	6.432972E-4	4.696162E-3	1.469079E+2
3.715686E+2	1.898196E+1	3.690517E-3	3.420421E-3	6.449458E-4	4.710313E-3	1.473254E+2
3.727796E+2	1.913258E+1	3.703722E-3	3.433747E-3	6.476248E-4	4.728997E-3	1.478526E+2
3.739915E+2	1.926579E+1	3.716276E-3	3.447691E-3	6.493420E-4	4.746375E-3	1.483537E+2
3.752024E+2	1.936676E+1	3.726882E-3	3.459094E-3	6.518149E-4	4.762724E-3	1.487771E+2
3.764124E+2	1.951389E+1	3.739573E-3	3.472557E-3	6.538756E-4	4.780309E-3	1.492838E+2
3.776223E+2	1.964843E+1	3.752745E-3	3.486021E-3	6.553182E-4	4.796657E-3	1.498096E+2
3.788333E+2	1.976734E+1	3.763723E-3	3.497355E-3	6.574476E-4	4.812250E-3	1.502478E+2
3.800442E+2	1.988387E+1	3.775486E-3	3.509788E-3	6.598518E-4	4.829491E-3	1.507174E+2
3.812552E+2	2.002821E+1	3.788135E-3	3.522977E-3	6.617065E-4	4.846390E-3	1.512224E+2
3.824661E+2	2.016648E+1	3.799956E-3	3.535616E-3	6.634237E-4	4.862463E-3	1.516943E+2
3.836770E+2	2.026990E+1	3.810961E-3	3.547294E-3	6.658279E-4	4.878949E-3	1.521336E+2
3.848880E+2	2.043601E+1	3.824578E-3	3.561032E-3	6.676139E-4	4.896260E-3	1.526772E+2
3.860979E+2	2.056811E+1	3.836589E-3	3.573946E-3	6.696747E-4	4.913295E-3	1.531566E+2
3.873089E+2	2.067828E+1	3.847178E-3	3.585211E-3	6.708424E-4	4.926896E-3	1.535793E+2
3.885198E+2	2.083615E+1	3.860523E-3	3.598606E-3	6.733840E-4	4.945374E-3	1.541121E+2
3.897307E+2	2.098424E+1	3.873027E-3	3.612206E-3	6.750326E-4	4.962271E-3	1.546113E+2
3.909417E+2	2.110572E+1	3.884626E-3	3.623265E-3	6.772307E-4	4.977727E-3	1.550743E+2
3.921526E+2	2.125063E+1	3.896897E-3	3.636798E-3	6.787419E-4	4.994282E-3	1.555641E+2
3.933636E+2	2.140174E+1	3.909502E-3	3.650399E-3	6.809401E-4	5.012279E-3	1.560673E+2
3.945755E+2	2.153836E+1	3.921184E-3	3.662694E-3	6.825199E-4	5.027734E-3	1.565337E+2
3.957864E+2	2.167262E+1	3.932951E-3	3.675265E-3	6.849928E-4	5.045251E-3	1.570034E+2
3.969964E+2	2.181503E+1	3.945149E-3	3.687355E-3	6.863666E-4	5.060088E-3	1.574904E+2
3.982073E+2	2.197264E+1	3.957254E-3	3.700062E-3	6.882213E-4	5.076505E-3	1.579736E+2
3.994192E+2	2.208956E+1	3.968535E-3	3.712083E-3	6.900759E-4	5.092235E-3	1.584239E+2
4.006302E+2	2.225789E+1	3.981489E-3	3.725753E-3	6.922054E-4	5.110163E-3	1.589410E+2
4.018411E+2	2.241349E+1	3.993812E-3	3.739079E-3	6.935792E-4	5.126237E-3	1.594330E+2
4.030520E+2	2.253538E+1	4.004418E-3	3.749657E-3	6.957086E-4	5.141075E-3	1.598564E+2
4.042630E+2	2.270761E+1	4.017215E-3	3.763053E-3	6.970825E-4	5.157218E-3	1.603672E+2
4.054739E+2	2.287004E+1	4.029204E-3	3.776516E-3	6.992806E-4	5.175077E-3	1.608458E+2
4.066848E+2	2.300623E+1	4.040963E-3	3.788537E-3	7.009979E-4	5.190533E-3	1.613152E+2
4.078958E+2	2.317611E+1	4.054048E-3	3.802687E-3	7.025778E-4	5.207842E-3	1.618376E+2
4.091067E+2	2.334290E+1	4.066719E-3	3.815738E-3	7.043637E-4	5.224465E-3	1.623434E+2
4.103177E+2	2.347378E+1	4.078560E-3	3.827622E-3	7.063557E-4	5.240333E-3	1.628161E+2
4.115286E+2	2.363394E+1	4.090191E-3	3.840055E-3	7.077983E-4	5.255651E-3	1.632804E+2
4.127395E+2	2.379067E+1	4.102774E-3	3.852282E-3	7.091034E-4	5.270489E-3	1.637827E+2
4.139514E+2	2.394368E+1	4.114561E-3	3.865058E-3	7.110268E-4	5.287112E-3	1.642533E+2
4.151624E+2	2.409415E+1	4.125783E-3	3.877835E-3	7.122632E-4	5.302361E-3	1.647013E+2
4.163723E+2	2.427197E+1	4.138967E-3	3.891230E-3	7.144613E-4	5.320153E-3	1.652276E+2
4.175833E+2	2.443316E+1	4.150435E-3	3.902839E-3	7.161099E-4	5.335058E-3	1.656854E+2
4.187942E+2	2.458494E+1	4.162082E-3	3.915890E-3	7.171403E-4	5.350170E-3	1.661503E+2
4.200052E+2	2.477231E+1	4.174870E-3	3.928941E-3	7.192010E-4	5.367343E-3	1.666608E+2
4.212161E+2	2.493310E+1	4.187586E-3	3.942336E-3	7.211244E-4	5.384585E-3	1.671684E+2
4.224270E+2	2.506470E+1	4.197870E-3	3.952434E-3	7.220861E-4	5.396606E-3	1.675790E+2
4.236380E+2	2.526870E+1	4.211744E-3	3.967409E-3	7.237347E-4	5.414878E-3	1.681328E+2
4.248489E+2	2.541952E+1	4.223041E-3	3.978536E-3	7.253145E-4	5.429165E-3	1.685838E+2
4.260598E+2	2.557337E+1	4.234373E-3	3.990626E-3	7.269631E-4	5.444552E-3	1.690362E+2
4.272708E+2	2.576746E+1	4.247257E-3	4.004364E-3	7.279248E-4	5.460214E-3	1.695505E+2
4.284817E+2	2.594327E+1	4.259084E-3	4.017621E-3	7.290926E-4	5.475806E-3	1.700226E+2
4.296927E+2	2.609729E+1	4.270578E-3	4.029162E-3	7.314281E-4	5.492018E-3	1.704815E+2
4.309036E+2	2.629428E+1	4.283455E-3	4.041869E-3	7.325958E-4	5.507061E-3	1.709955E+2
4.321145E+2	2.646749E+1	4.294655E-3	4.054783E-3	7.339009E-4	5.522585E-3	1.714426E+2
4.333264E+2	2.665389E+1	4.306921E-3	4.068041E-3	7.351374E-4	5.538316E-3	1.719323E+2
4.345374E+2	2.685594E+1	4.319911E-3	4.082123E-3	7.368547E-4	5.555832E-3	1.724509E+2
4.357473E+2	2.701507E+1	4.331517E-3	4.093800E-3	7.380911E-4	5.569982E-3	1.729142E+2
4.369593E+2	2.720664E+1	4.344411E-3	4.106508E-3	7.397397E-4	5.585987E-3	1.734289E+2
4.381702E+2	2.739333E+1	4.356395E-3	4.119216E-3	7.403579E-4	5.599932E-3	1.739073E+2
4.393811E+2	2.754440E+1	4.367464E-3	4.131031E-3	7.420065E-4	5.615044E-3	1.743492E+2
4.405921E+2	2.774581E+1	4.380126E-3	4.144563E-3	7.436551E-4	5.631873E-3	1.748546E+2
4.418030E+2	2.793626E+1	4.392149E-3	4.157134E-3	7.442734E-4	5.645681E-3	1.753346E+2
4.430139E+2	2.809701E+1	4.403924E-3	4.168536E-3	7.453724E-4	5.659281E-3	1.758046E+2
4.442259E+2	2.829982E+1	4.416448E-3	4.181244E-3	7.469523E-4	5.675148E-3	1.763046E+2
4.454358E+2	2.849193E+1	4.428753E-3	4.193677E-3	7.477766E-4	5.689230E-3	1.767958E+2
4.466458E+2	2.865048E+1	4.439685E-3	4.205560E-3	7.494251E-4	5.704411E-3	1.772322E+2
4.478567E+2	2.886480E+1	4.452400E-3	4.218612E-3	7.510051E-4	5.720622E-3	1.777398E+2
4.490686E+2	2.906619E+1	4.464908E-3	4.232076E-3	7.519667E-4	5.736009E-3	1.782391E+2
4.502796E+2	2.923096E+1	4.476108E-3	4.243409E-3	7.527910E-4	5.748991E-3	1.786862E+2
4.514915E+2	2.944759E+1	4.488899E-3	4.255911E-3	7.538214E-4	5.763554E-3	1.791969E+2
4.527024E+2	2.964043E+1	4.501123E-3	4.268550E-3	7.548518E-4	5.778254E-3	1.796848E+2
4.539134E+2	2.982369E+1	4.512804E-3	4.281120E-3	7.558821E-4	5.792885E-3	1.801511E+2
4.551253E+2	3.003181E+1	4.524969E-3	4.294516E-3	7.573246E-4	5.809165E-3	1.806368E+2
4.563362E+2	3.021251E+1	4.536430E-3	4.305369E-3	7.585611E-4	5.822491E-3	1.810943E+2
4.575471E+2	3.043014E+1	4.548926E-3	4.318695E-3	7.593854E-4	5.837466E-3	1.815931E+2
4.587571E+2	3.063976E+1	4.561415E-3	4.331266E-3	7.594541E-4	5.850174E-3	1.820917E+2
4.599671E+2	3.080529E+1	4.572318E-3	4.342325E-3	7.615148E-4	5.865354E-3	1.825269E+2
4.611780E+2	3.103281E+1	4.585470E-3	4.355444E-3	7.626825E-4	5.880809E-3	1.830520E+2
4.623880E+2	3.123309E+1	4.597227E-3	4.367877E-3	7.633007E-4	5.894479E-3	1.835213E+2
4.635989E+2	3.142156E+1	4.608665E-3	4.379143E-3	7.639877E-4	5.907118E-3	1.839779E+2
4.648089E+2	3.165158E+1	4.621167E-3	4.392331E-3	7.646059E-4	5.921543E-3	1.844770E+2
4.660198E+2	3.183999E+1	4.632685E-3	4.404008E-3	7.661858E-4	5.936380E-3	1.849368E+2
4.672298E+2	3.207213E+1	4.645497E-3	4.417541E-3	7.665979E-4	5.950736E-3	1.854482E+2
4.684397E+2	3.229634E+1	4.657655E-3	4.430248E-3	7.676969E-4	5.965642E-3	1.859336E+2
4.696497E+2	3.246749E+1	4.668587E-3	4.441102E-3	7.688647E-4	5.978831E-3	1.863700E+2
4.708596E+2	3.270915E+1	4.681510E-3	4.454154E-3	7.699638E-4	5.994081E-3	1.868859E+2
4.720696E+2	3.290836E+1	4.693307E-3	4.465831E-3	7.701012E-4	6.006033E-3	1.873568E+2
4.732796E+2	3.312557E+1	4.705381E-3	4.478883E-3	7.714063E-4	6.021695E-3	1.878388E+2
4.744895E+2	3.335874E+1	4.718120E-3	4.491865E-3	7.719558E-4	6.035777E-3	1.883473E+2
4.757014E+2	3.352962E+1	4.728930E-3	4.502237E-3	7.731236E-4	6.048484E-3	1.887789E+2
4.769114E+2	3.377860E+1	4.741311E-3	4.515632E-3	7.733984E-4	6.062429E-3	1.892731E+2
4.781214E+2	3.399776E+1	4.753938E-3	4.527447E-3	7.743600E-4	6.076167E-3	1.897772E+2
4.793313E+2	3.422700E+1	4.766179E-3	4.540292E-3	7.753904E-4	6.091073E-3	1.902659E+2
4.805413E+2	3.444895E+1	4.779374E-3	4.552176E-3	7.758712E-4	6.103918E-3	1.907926E+2
4.817522E+2	3.464424E+1	4.790553E-3	4.563647E-3	7.764208E-4	6.116488E-3	1.912389E+2
4.829622E+2	3.488768E+1	4.802799E-3	4.576286E-3	7.771077E-4	6.130501E-3	1.917277E+2
4.841731E+2	3.510095E+1	4.814913E-3	4.587551E-3	7.777259E-4	6.143003E-3	1.922113E+2
4.853831E+2	3.533994E+1	4.827620E-3	4.600534E-3	7.779319E-4	6.156398E-3	1.927186E+2
4.865940E+2	3.556332E+1	4.839783E-3	4.612486E-3	7.786189E-4	6.169724E-3	1.932041E+2
4.878040E+2	3.575234E+1	4.850442E-3	4.623889E-3	7.792371E-4	6.182363E-3	1.936297E+2
4.890149E+2	3.599363E+1	4.862592E-3	4.635773E-3	7.806109E-4	6.196994E-3	1.941147E+2
4.902259E+2	3.623319E+1	4.874150E-3	4.648412E-3	7.811605E-4	6.210733E-3	1.945761E+2
4.914358E+2	3.647590E+1	4.886698E-3	4.659953E-3	7.809544E-4	6.221861E-3	1.950770E+2
4.926458E+2	3.673208E+1	4.899243E-3	4.673347E-3	7.815039E-4	6.236355E-3	1.955778E+2
4.938557E+2	3.694231E+1	4.910379E-3	4.685505E-3	7.823282E-4	6.250162E-3	1.960223E+2
4.950657E+2	3.720654E+1	4.922993E-3	4.698007E-3	7.823969E-4	6.262801E-3	1.965259E+2
4.962766E+2	3.742229E+1	4.934910E-3	4.709822E-3	7.833586E-4	6.276539E-3	1.970016E+2
4.974876E+2	3.767881E+1	4.947184E-3	4.721775E-3	7.834273E-4	6.288629E-3	1.974916E+2
4.986975E+2	3.792556E+1	4.959559E-3	4.734552E-3	7.838394E-4	6.302230E-3	1.979856E+2
4.999085E+2	3.814916E+1	4.971209E-3	4.746228E-3	7.843889E-4	6.315006E-3	1.984507E+2
5.011184E+2	3.839842E+1	4.983116E-3	4.757975E-3	7.850071E-4	6.327989E-3	1.989260E+2
5.023284E+2	3.862058E+1	4.995320E-3	4.769308E-3	7.850071E-4	6.339323E-3	1.994132E+2
5.035384E+2	3.887790E+1	5.007625E-3	4.782085E-3	7.853506E-4	6.352786E-3	1.999044E+2
5.047493E+2	3.910953E+1	5.019236E-3	4.793282E-3	7.854880E-4	6.364258E-3	2.003679E+2
5.059593E+2	3.936619E+1	5.031945E-3	4.805990E-3	7.864496E-4	6.378889E-3	2.008753E+2
5.071702E+2	3.961710E+1	5.044020E-3	4.817255E-3	7.863810E-4	6.390017E-3	2.013573E+2
5.083802E+2	3.986482E+1	5.056411E-3	4.829756E-3	7.861748E-4	6.402106E-3	2.018519E+2
5.095911E+2	4.011314E+1	5.068666E-3	4.841777E-3	7.867244E-4	6.415226E-3	2.023412E+2
5.108020E+2	4.033072E+1	5.079813E-3	4.852081E-3	7.866557E-4	6.425393E-3	2.027861E+2
5.120120E+2	4.060666E+1	5.092191E-3	4.864309E-3	7.869305E-4	6.438170E-3	2.032803E+2
5.132229E+2	4.082828E+1	5.103035E-3	4.875574E-3	7.873427E-4	6.450260E-3	2.037132E+2
5.144329E+2	4.112521E+1	5.115806E-3	4.888900E-3	7.875487E-4	6.463998E-3	2.042230E+2
5.156438E+2	4.137272E+1	5.127515E-3	4.900578E-3	7.878235E-4	6.476225E-3	2.046904E+2
5.168548E+2	4.164358E+1	5.139517E-3	4.912804E-3	7.878921E-4	6.488589E-3	2.051695E+2
5.180647E+2	4.191271E+1	5.151956E-3	4.924619E-3	7.878921E-4	6.500403E-3	2.056661E+2
5.192757E+2	4.218884E+1	5.164155E-3	4.937190E-3	7.883043E-4	6.513798E-3	2.061531E+2
5.204856E+2	4.245948E+1	5.176869E-3	4.949691E-3	7.882356E-4	6.526162E-3	2.066606E+2
5.216966E+2	4.270732E+1	5.188669E-3	4.961644E-3	7.881669E-4	6.537978E-3	2.071317E+2
5.229085E+2	4.298549E+1	5.200789E-3	4.972909E-3	7.882356E-4	6.549380E-3	2.076155E+2
5.241194E+2	4.321974E+1	5.211821E-3	4.984449E-3	7.875487E-4	6.559547E-3	2.080559E+2
5.253304E+2	4.350914E+1	5.224643E-3	4.996883E-3	7.878235E-4	6.572530E-3	2.085677E+2
5.265413E+2	4.377318E+1	5.235864E-3	5.008766E-3	7.874114E-4	6.583589E-3	2.090157E+2
5.277522E+2	4.407011E+1	5.248852E-3	5.021612E-3	7.876861E-4	6.596984E-3	2.095342E+2
5.289632E+2	4.431611E+1	5.259675E-3	5.032946E-3	7.878235E-4	6.608593E-3	2.099662E+2
5.301741E+2	4.463769E+1	5.272774E-3	5.046272E-3	7.874800E-4	6.621232E-3	2.104891E+2
5.313841E+2	4.489918E+1	5.284871E-3	5.057675E-3	7.872053E-4	6.632085E-3	2.109721E+2
5.325950E+2	4.520402E+1	5.297884E-3	5.070451E-3	7.871366E-4	6.644724E-3	2.114915E+2
5.338059E+2	4.545198E+1	5.308951E-3	5.080892E-3	7.876174E-4	6.656127E-3	2.119333E+2
5.350169E+2	4.575919E+1	5.321825E-3	5.093806E-3	7.868618E-4	6.667530E-3	2.124472E+2
5.362278E+2	4.601650E+1	5.332507E-3	5.104796E-3	7.869305E-4	6.678657E-3	2.128737E+2
5.374387E+2	4.632438E+1	5.344904E-3	5.117985E-3	7.863810E-4	6.690747E-3	2.133686E+2
5.386487E+2	4.662202E+1	5.356914E-3	5.129869E-3	7.862436E-4	6.702356E-3	2.138480E+2
5.398596E+2	4.692920E+1	5.369434E-3	5.142714E-3	7.856941E-4	6.714102E-3	2.143478E+2
5.410706E+2	4.720608E+1	5.380562E-3	5.154391E-3	7.854193E-4	6.725230E-3	2.147920E+2
5.422815E+2	4.751650E+1	5.393078E-3	5.167099E-3	7.848698E-4	6.736839E-3	2.152917E+2
5.434934E+2	4.781519E+1	5.405290E-3	5.178502E-3	7.850071E-4	6.748516E-3	2.157792E+2
5.447044E+2	4.813130E+1	5.418532E-3	5.191759E-3	7.839767E-4	6.759712E-3	2.163078E+2
5.459134E+2	4.838556E+1	5.429509E-3	5.202269E-3	7.845263E-4	6.771322E-3	2.167460E+2
5.471233E+2	4.870501E+1	5.441962E-3	5.215183E-3	7.834959E-4	6.782175E-3	2.172431E+2
5.483343E+2	4.900100E+1	5.453923E-3	5.226861E-3	7.837020E-4	6.794265E-3	2.177206E+2
5.495442E+2	4.930697E+1	5.466442E-3	5.239362E-3	7.826029E-4	6.804568E-3	2.182204E+2
5.507552E+2	4.958236E+1	5.477581E-3	5.250009E-3	7.824655E-4	6.814940E-3	2.186650E+2
5.519651E+2	4.989570E+1	5.489910E-3	5.262717E-3	7.821221E-4	6.826961E-3	2.191572E+2
5.531751E+2	5.021546E+1	5.502364E-3	5.275562E-3	7.817099E-4	6.838982E-3	2.196544E+2
5.543850E+2	5.053567E+1	5.515076E-3	5.287721E-3	7.807483E-4	6.849217E-3	2.201618E+2
5.555960E+2	5.080792E+1	5.526224E-3	5.298505E-3	7.803361E-4	6.859177E-3	2.206069E+2
5.568069E+2	5.113791E+1	5.538263E-3	5.310801E-3	7.797179E-4	6.870237E-3	2.210874E+2
5.580169E+2	5.144535E+1	5.550638E-3	5.323234E-3	7.788249E-4	6.880884E-3	2.215815E+2
5.592268E+2	5.177243E+1	5.562871E-3	5.335460E-3	7.784127E-4	6.892286E-3	2.220698E+2
5.604368E+2	5.207003E+1	5.573912E-3	5.346383E-3	7.780006E-4	6.902384E-3	2.225106E+2
5.616477E+2	5.242765E+1	5.587542E-3	5.361289E-3	7.771076E-4	6.915504E-3	2.230547E+2
5.628577E+2	5.273704E+1	5.598777E-3	5.372279E-3	7.762146E-4	6.924708E-3	2.235032E+2
5.640686E+2	5.309016E+1	5.612291E-3	5.385881E-3	7.758712E-4	6.937623E-3	2.240427E+2
5.652786E+2	5.337979E+1	5.623158E-3	5.396321E-3	7.751156E-4	6.946553E-3	2.244765E+2
5.664886E+2	5.372960E+1	5.634923E-3	5.409990E-3	7.744287E-4	6.958848E-3	2.249461E+2
5.676985E+2	5.405780E+1	5.647061E-3	5.422286E-3	7.732609E-4	6.968808E-3	2.254307E+2
5.689104E+2	5.442789E+1	5.659992E-3	5.435956E-3	7.722992E-4	6.980554E-3	2.259469E+2
5.701214E+2	5.473503E+1	5.671218E-3	5.447908E-3	7.724366E-4	6.992782E-3	2.263950E+2
5.713323E+2	5.508325E+1	5.683466E-3	5.460409E-3	7.707880E-4	7.001985E-3	2.268840E+2
5.725423E+2	5.539423E+1	5.694997E-3	5.472019E-3	7.708567E-4	7.013732E-3	2.273443E+2
5.737522E+2	5.577318E+1	5.708275E-3	5.485620E-3	7.696202E-4	7.024860E-3	2.278744E+2
5.749622E+2	5.610080E+1	5.719832E-3	5.497435E-3	7.685212E-4	7.034477E-3	2.283357E+2
5.761731E+2	5.642922E+1	5.731638E-3	5.509249E-3	7.674221E-4	7.044093E-3	2.288070E+2
5.773841E+2	5.676270E+1	5.743434E-3	5.520857E-3	7.665291E-4	7.053916E-3	2.292779E+2
5.785940E+2	5.708928E+1	5.754771E-3	5.533772E-3	7.658422E-4	7.065456E-3	2.297305E+2
5.798050E+2	5.746727E+1	5.767247E-3	5.546754E-3	7.649492E-4	7.076653E-3	2.302285E+2
5.810149E+2	5.781069E+1	5.778902E-3	5.559256E-3	7.643997E-4	7.088056E-3	2.306938E+2
5.822259E+2	5.820079E+1	5.792278E-3	5.572719E-3	7.630258E-4	7.098771E-3	2.312278E+2
5.834368E+2	5.853529E+1	5.803570E-3	5.584741E-3	7.618581E-4	7.108457E-3	2.316785E+2
5.846477E+2	5.891297E+1	5.816174E-3	5.596968E-3	7.605530E-4	7.118074E-3	2.321817E+2
5.858577E+2	5.925195E+1	5.827720E-3	5.609538E-3	7.600721E-4	7.129683E-3	2.326426E+2
5.870686E+2	5.960098E+1	5.839586E-3	5.621284E-3	7.584235E-4	7.138131E-3	2.331163E+2
5.882796E+2	5.997422E+1	5.852287E-3	5.634267E-3	7.577367E-4	7.149741E-3	2.336233E+2
5.894915E+2	6.030730E+1	5.863652E-3	5.646425E-3	7.569123E-4	7.160250E-3	2.340770E+2
5.907024E+2	6.070195E+1	5.876242E-3	5.659408E-3	7.552638E-4	7.169936E-3	2.345796E+2
5.919124E+2	6.106042E+1	5.887894E-3	5.671910E-3	7.539587E-4	7.179827E-3	2.350447E+2
5.931214E+2	6.143879E+1	5.900160E-3	5.684343E-3	7.529283E-4	7.190200E-3	2.355344E+2
5.943313E+2	6.182302E+1	5.913006E-3	5.698012E-3	7.517605E-4	7.201533E-3	2.360472E+2
5.955423E+2	6.216108E+1	5.924474E-3	5.709690E-3	7.507301E-4	7.211150E-3	2.365050E+2
5.967522E+2	6.255049E+1	5.936534E-3	5.722398E-3	7.494937E-4	7.221385E-3	2.369864E+2
5.979632E+2	6.290324E+1	5.948954E-3	5.733869E-3	7.481885E-4	7.230246E-3	2.374822E+2
5.991731E+2	6.329416E+1	5.961364E-3	5.746783E-3	7.467460E-4	7.240275E-3	2.379776E+2
6.003841E+2	6.364601E+1	5.972041E-3	5.758528E-3	7.459217E-4	7.250372E-3	2.384039E+2
6.015940E+2	6.401920E+1	5.984067E-3	5.770892E-3	7.437236E-4	7.258340E-3	2.388840E+2
6.028050E+2	6.443608E+1	5.996335E-3	5.784493E-3	7.432427E-4	7.270978E-3	2.393737E+2
6.040149E+2	6.481862E+1	6.009126E-3	5.797476E-3	7.408385E-4	7.279153E-3	2.398843E+2
6.052249E+2	6.522190E+1	6.022001E-3	5.810321E-3	7.395334E-4	7.289388E-3	2.403983E+2
6.064339E+2	6.556586E+1	6.033577E-3	5.822754E-3	7.386404E-4	7.300035E-3	2.408604E+2
6.076448E+2	6.594136E+1	6.044696E-3	5.834295E-3	7.370606E-4	7.308416E-3	2.413043E+2
6.088548E+2	6.635571E+1	6.057489E-3	5.848033E-3	7.358928E-4	7.319818E-3	2.418150E+2
6.100657E+2	6.674390E+1	6.069491E-3	5.860947E-3	7.340381E-4	7.329023E-3	2.422941E+2
6.112766E+2	6.713974E+1	6.081217E-3	5.873105E-3	7.318400E-4	7.336785E-3	2.427622E+2
6.124866E+2	6.752562E+1	6.093784E-3	5.886362E-3	7.308783E-4	7.348119E-3	2.432639E+2
6.136966E+2	6.788247E+1	6.104698E-3	5.897491E-3	7.292985E-4	7.356088E-3	2.436996E+2
6.149085E+2	6.831063E+1	6.116651E-3	5.911297E-3	7.275125E-4	7.366322E-3	2.441767E+2
6.161194E+2	6.870650E+1	6.128419E-3	5.923662E-3	7.259325E-4	7.375527E-3	2.446465E+2
6.173294E+2	6.912983E+1	6.140752E-3	5.936988E-3	7.236658E-4	7.384320E-3	2.451388E+2
6.185384E+2	6.956786E+1	6.154131E-3	5.950521E-3	7.225667E-4	7.395654E-3	2.456729E+2
6.197473E+2	6.996310E+1	6.166487E-3	5.963297E-3	7.201625E-4	7.403622E-3	2.461662E+2
6.209583E+2	7.034752E+1	6.176786E-3	5.975593E-3	7.189261E-4	7.413446E-3	2.465773E+2
6.221682E+2	7.076195E+1	6.189234E-3	5.988919E-3	7.172775E-4	7.423474E-3	2.470742E+2
6.233792E+2	7.115927E+1	6.201338E-3	6.001832E-3	7.156976E-4	7.433228E-3	2.475574E+2
6.245891E+2	7.160814E+1	6.214001E-3	6.014746E-3	7.131560E-4	7.441058E-3	2.480629E+2
6.258001E+2	7.200714E+1	6.226419E-3	6.028209E-3	7.113700E-4	7.450949E-3	2.485586E+2
6.270100E+2	7.240633E+1	6.238513E-3	6.040917E-3	7.099962E-4	7.460910E-3	2.490414E+2
6.282210E+2	7.283196E+1	6.250634E-3	6.053694E-3	7.082789E-4	7.470251E-3	2.495253E+2
6.294309E+2	7.322342E+1	6.262109E-3	6.066196E-3	7.063556E-4	7.478907E-3	2.499834E+2
6.306419E+2	7.360564E+1	6.273041E-3	6.077736E-3	7.039513E-4	7.485638E-3	2.504198E+2
6.318518E+2	7.405498E+1	6.285324E-3	6.091337E-3	7.016846E-4	7.494706E-3	2.509101E+2
6.330628E+2	7.449330E+1	6.297464E-3	6.104938E-3	7.000359E-4	7.505010E-3	2.513947E+2
6.342727E+2	7.489784E+1	6.309729E-3	6.117370E-3	6.981126E-4	7.513596E-3	2.518844E+2
6.354837E+2	7.535138E+1	6.323231E-3	6.131658E-3	6.960519E-4	7.523762E-3	2.524234E+2
6.366946E+2	7.575567E+1	6.334899E-3	6.143610E-3	6.939911E-4	7.531593E-3	2.528892E+2
6.379046E+2	7.614495E+1	6.346667E-3	6.156112E-3	6.915182E-4	7.539149E-3	2.533590E+2
6.391165E+2	7.659368E+1	6.359550E-3	6.169850E-3	6.902131E-4	7.550277E-3	2.538732E+2
6.403264E+2	7.699531E+1	6.371365E-3	6.181871E-3	6.876028E-4	7.557076E-3	2.543449E+2
6.415384E+2	7.739895E+1	6.382712E-3	6.194236E-3	6.858169E-4	7.565870E-3	2.547979E+2
6.427493E+2	7.786472E+1	6.395839E-3	6.207424E-3	6.835500E-4	7.574524E-3	2.553219E+2
6.439602E+2	7.826970E+1	6.407379E-3	6.220063E-3	6.814206E-4	7.582904E-3	2.557826E+2
6.451702E+2	7.866987E+1	6.419095E-3	6.232359E-3	6.797034E-4	7.591766E-3	2.562503E+2
6.463811E+2	7.910212E+1	6.431933E-3	6.245205E-3	6.771618E-4	7.599528E-3	2.567628E+2
6.475911E+2	7.951120E+1	6.443763E-3	6.257844E-3	6.749637E-4	7.607772E-3	2.572350E+2
6.488020E+2	7.990534E+1	6.454753E-3	6.268903E-3	6.728342E-4	7.614572E-3	2.576737E+2
6.500130E+2	8.035174E+1	6.467076E-3	6.282162E-3	6.711857E-4	7.624533E-3	2.581657E+2
6.512229E+2	8.078946E+1	6.479336E-3	6.294250E-3	6.676137E-4	7.629478E-3	2.586551E+2
6.524329E+2	8.121054E+1	6.491158E-3	6.307577E-3	6.654843E-4	7.638545E-3	2.591270E+2
6.536429E+2	8.166600E+1	6.504349E-3	6.320559E-3	6.629427E-4	7.646445E-3	2.596536E+2
6.548538E+2	8.206746E+1	6.516248E-3	6.332648E-3	6.608133E-4	7.654275E-3	2.601286E+2
6.560637E+2	8.246950E+1	6.528195E-3	6.344052E-3	6.581343E-4	7.660321E-3	2.606055E+2
6.572737E+2	8.291788E+1	6.541123E-3	6.356141E-3	6.560049E-4	7.668150E-3	2.611216E+2
6.584837E+2	8.333565E+1	6.552690E-3	6.369398E-3	6.539442E-4	7.677287E-3	2.615834E+2
6.596946E+2	8.373779E+1	6.564182E-3	6.380939E-3	6.516087E-4	7.684156E-3	2.620422E+2
6.609046E+2	8.420159E+1	6.576481E-3	6.393853E-3	6.493418E-4	7.692536E-3	2.625331E+2
6.621165E+2	8.461019E+1	6.588702E-3	6.405668E-3	6.469377E-4	7.699543E-3	2.630210E+2
6.633264E+2	8.502760E+1	6.600303E-3	6.417620E-3	6.443961E-4	7.706412E-3	2.634841E+2
6.645364E+2	8.548730E+1	6.612214E-3	6.430670E-3	6.412363E-4	7.713143E-3	2.639596E+2
6.657464E+2	8.592055E+1	6.624418E-3	6.443172E-3	6.386947E-4	7.720562E-3	2.644468E+2
6.669563E+2	8.635487E+1	6.636952E-3	6.455399E-3	6.363592E-4	7.728117E-3	2.649471E+2
6.681663E+2	8.682274E+1	6.649404E-3	6.468312E-3	6.344359E-4	7.737184E-3	2.654442E+2
6.693772E+2	8.725343E+1	6.661772E-3	6.480952E-3	6.312074E-4	7.743367E-3	2.659379E+2
6.705872E+2	8.766487E+1	6.673168E-3	6.491668E-3	6.291466E-4	7.749961E-3	2.663929E+2
6.717971E+2	8.810734E+1	6.684923E-3	6.504994E-3	6.261242E-4	7.757242E-3	2.668621E+2
6.730071E+2	8.856903E+1	6.697269E-3	6.517359E-3	6.237887E-4	7.764937E-3	2.673550E+2
6.742171E+2	8.903242E+1	6.709852E-3	6.530479E-3	6.202855E-4	7.771050E-3	2.678573E+2
6.754280E+2	8.944671E+1	6.721433E-3	6.542362E-3	6.182934E-4	7.778949E-3	2.683196E+2
6.766380E+2	8.991914E+1	6.734259E-3	6.555001E-3	6.147902E-4	7.784581E-3	2.688316E+2
6.778479E+2	9.034534E+1	6.745107E-3	6.566541E-3	6.122486E-4	7.791038E-3	2.692647E+2
6.790579E+2	9.078039E+1	6.757842E-3	6.578632E-3	6.098444E-4	7.798320E-3	2.697731E+2
6.802679E+2	9.125099E+1	6.770583E-3	6.591202E-3	6.074402E-4	7.806082E-3	2.702817E+2
6.814788E+2	9.167864E+1	6.782628E-3	6.603155E-3	6.045552E-4	7.812265E-3	2.707625E+2
6.826897E+2	9.210279E+1	6.794235E-3	6.615175E-3	6.018076E-4	7.818790E-3	2.712259E+2
6.838997E+2	9.256578E+1	6.805696E-3	6.627401E-3	5.983730E-4	7.824147E-3	2.716834E+2
6.851096E+2	9.300947E+1	6.817671E-3	6.639216E-3	5.962435E-4	7.831703E-3	2.721614E+2
6.863206E+2	9.346774E+1	6.829294E-3	6.651718E-3	5.930151E-4	7.837748E-3	2.726254E+2
6.875305E+2	9.393187E+1	6.841231E-3	6.664976E-3	5.904048E-4	7.845785E-3	2.731019E+2
6.887425E+2	9.443545E+1	6.853841E-3	6.677751E-3	5.875885E-4	7.852928E-3	2.736053E+2
6.899524E+2	9.490229E+1	6.865796E-3	6.690184E-3	5.838791E-4	7.857942E-3	2.740826E+2
6.911634E+2	9.537000E+1	6.878378E-3	6.702343E-3	5.809254E-4	7.864193E-3	2.745848E+2
6.923733E+2	9.581242E+1	6.889871E-3	6.714433E-3	5.781091E-4	7.870651E-3	2.750436E+2
6.935833E+2	9.631160E+1	6.902488E-3	6.728102E-3	5.752241E-4	7.878550E-3	2.755473E+2
6.947932E+2	9.678033E+1	6.914837E-3	6.740947E-3	5.723390E-4	7.885625E-3	2.760403E+2
6.960032E+2	9.724101E+1	6.926229E-3	6.753311E-3	5.682175E-4	7.889747E-3	2.764950E+2
6.972141E+2	9.772291E+1	6.938445E-3	6.765538E-3	5.649891E-4	7.895516E-3	2.769827E+2
6.984241E+2	9.822590E+1	6.951435E-3	6.778521E-3	5.623101E-4	7.903142E-3	2.775013E+2
6.996341E+2	9.869373E+1	6.963813E-3	6.791230E-3	5.586694E-4	7.908569E-3	2.779954E+2
7.008450E+2	9.911999E+1	6.975085E-3	6.803045E-3	5.557158E-4	7.914477E-3	2.784454E+2
7.020550E+2	9.961911E+1	6.986486E-3	6.815752E-3	5.530368E-4	7.921826E-3	2.789005E+2
7.032659E+2	1.001175E+2	6.998083E-3	6.828804E-3	5.500831E-4	7.928970E-3	2.793635E+2
7.044759E+2	1.006424E+2	7.010987E-3	6.842336E-3	5.462363E-4	7.934808E-3	2.798786E+2
7.056868E+2	1.007164E+2	7.014441E-3	6.845495E-3	5.443130E-4	7.934121E-3	2.800165E+2
7.068977E+2	1.006783E+2	7.016530E-3	6.848380E-3	5.440383E-4	7.936457E-3	2.800999E+2
7.081077E+2	1.001360E+2	7.010174E-3	6.839313E-3	5.454121E-4	7.930137E-3	2.798461E+2
7.093186E+2	9.928552E+1	6.996306E-3	6.823719E-3	5.479536E-4	7.919627E-3	2.792925E+2
7.105296E+2	9.844500E+1	6.982157E-3	6.808814E-3	5.502204E-4	7.909255E-3	2.787277E+2
7.117395E+2	9.761660E+1	6.968545E-3	6.793496E-3	5.531055E-4	7.899707E-3	2.781843E+2
7.129505E+2	9.681157E+1	6.954778E-3	6.779483E-3	5.557844E-4	7.891051E-3	2.776348E+2
7.141604E+2	9.606124E+1	6.942182E-3	6.765194E-3	5.587381E-4	7.882670E-3	2.771319E+2
7.153714E+2	9.530633E+1	6.929617E-3	6.751526E-3	5.607302E-4	7.872986E-3	2.766303E+2
7.165823E+2	9.458639E+1	6.916770E-3	6.738818E-3	5.636839E-4	7.866186E-3	2.761175E+2
7.177932E+2	9.385428E+1	6.905108E-3	6.724736E-3	5.655386E-4	7.855813E-3	2.756519E+2
7.190032E+2	9.312164E+1	6.892696E-3	6.711272E-3	5.685610E-4	7.848394E-3	2.751564E+2
7.202141E+2	9.240071E+1	6.880604E-3	6.697465E-3	5.708965E-4	7.839258E-3	2.746737E+2
7.214241E+2	9.169551E+1	6.868596E-3	6.683452E-3	5.737128E-4	7.830878E-3	2.741944E+2
7.226350E+2	9.098535E+1	6.855039E-3	6.670057E-3	5.759110E-4	7.821879E-3	2.736532E+2
7.238460E+2	9.030456E+1	6.842266E-3	6.656524E-3	5.783838E-4	7.813292E-3	2.731433E+2
7.250559E+2	8.965166E+1	6.831198E-3	6.643954E-3	5.809941E-4	7.805942E-3	2.727014E+2
7.262659E+2	8.897387E+1	6.818739E-3	6.630627E-3	5.833296E-4	7.797287E-3	2.722041E+2
7.274759E+2	8.830052E+1	6.806935E-3	6.617576E-3	5.855277E-4	7.788631E-3	2.717328E+2
7.286858E+2	8.762261E+1	6.794541E-3	6.604663E-3	5.884127E-4	7.781488E-3	2.712381E+2
7.298968E+2	8.694715E+1	6.782442E-3	6.591336E-3	5.905422E-4	7.772421E-3	2.707551E+2
7.311067E+2	8.627971E+1	6.769306E-3	6.577736E-3	5.930151E-4	7.763766E-3	2.702307E+2
7.323167E+2	8.566974E+1	6.758520E-3	6.565784E-3	5.948697E-4	7.755524E-3	2.698001E+2
7.335276E+2	8.501664E+1	6.747136E-3	6.553489E-3	5.979608E-4	7.749410E-3	2.693457E+2
7.347376E+2	8.432644E+1	6.734731E-3	6.539475E-3	6.000216E-4	7.739518E-3	2.688505E+2
7.359475E+2	8.364302E+1	6.722668E-3	6.525531E-3	6.024257E-4	7.730382E-3	2.683689E+2
7.371585E+2	8.297221E+1	6.709929E-3	6.511587E-3	6.046926E-4	7.720972E-3	2.678603E+2
7.383684E+2	8.230999E+1	6.697543E-3	6.497917E-3	6.072341E-4	7.712385E-3	2.673659E+2
7.395774E+2	8.167032E+1	6.685538E-3	6.484797E-3	6.100505E-4	7.704898E-3	2.668867E+2
7.407874E+2	8.101024E+1	6.672336E-3	6.471334E-3	6.127294E-4	7.696793E-3	2.663597E+2
7.419973E+2	8.036056E+1	6.660709E-3	6.458489E-3	6.145841E-4	7.687657E-3	2.658955E+2
7.432073E+2	7.972235E+1	6.649141E-3	6.445094E-3	6.169883E-4	7.679071E-3	2.654337E+2
7.444173E+2	7.907036E+1	6.636282E-3	6.430806E-3	6.190490E-4	7.668904E-3	2.649204E+2
7.456272E+2	7.844917E+1	6.624264E-3	6.418166E-3	6.220027E-4	7.662171E-3	2.644406E+2
7.468372E+2	7.782978E+1	6.612770E-3	6.405320E-3	6.247503E-4	7.654821E-3	2.639818E+2
7.480471E+2	7.718707E+1	6.600098E-3	6.391926E-3	6.264676E-4	7.644861E-3	2.634759E+2
7.492581E+2	7.655256E+1	6.588332E-3	6.378806E-3	6.290779E-4	7.636962E-3	2.630062E+2
7.504690E+2	7.591787E+1	6.575443E-3	6.365343E-3	6.307952E-4	7.626933E-3	2.624917E+2
7.516790E+2	7.530239E+1	6.563160E-3	6.352429E-3	6.331307E-4	7.618691E-3	2.620013E+2
7.528889E+2	7.467031E+1	6.550934E-3	6.339859E-3	6.363592E-4	7.612578E-3	2.615133E+2
7.540999E+2	7.404976E+1	6.537980E-3	6.325846E-3	6.386260E-4	7.603098E-3	2.609962E+2
7.553098E+2	7.343966E+1	6.526638E-3	6.313413E-3	6.402745E-4	7.593962E-3	2.605434E+2
7.565208E+2	7.282650E+1	6.514541E-3	6.299125E-3	6.437092E-4	7.586543E-3	2.600605E+2
7.577307E+2	7.221713E+1	6.502711E-3	6.285593E-3	6.454264E-4	7.576446E-3	2.595882E+2
7.589407E+2	7.158545E+1	6.490508E-3	6.272336E-3	6.481740E-4	7.568684E-3	2.591011E+2
7.601516E+2	7.098128E+1	6.477354E-3	6.257842E-3	6.503035E-4	7.558449E-3	2.585760E+2
7.613616E+2	7.037176E+1	6.466616E-3	6.245889E-3	6.524329E-4	7.550755E-3	2.581473E+2
7.625716E+2	6.973816E+1	6.454078E-3	6.231532E-3	6.549057E-4	7.541343E-3	2.576468E+2
7.637835E+2	6.912446E+1	6.442056E-3	6.216969E-3	6.567604E-4	7.530490E-3	2.571669E+2
7.649934E+2	6.847177E+1	6.428634E-3	6.202681E-3	6.599202E-4	7.522522E-3	2.566311E+2
7.662044E+2	6.786110E+1	6.417851E-3	6.189287E-3	6.623244E-4	7.513936E-3	2.562006E+2
7.674134E+2	6.722160E+1	6.405143E-3	6.174724E-3	6.644538E-4	7.503631E-3	2.556933E+2
7.686233E+2	6.663959E+1	6.392295E-3	6.160712E-3	6.672015E-4	7.495115E-3	2.551804E+2
7.698343E+2	6.600412E+1	6.381348E-3	6.148279E-3	6.692623E-4	7.486804E-3	2.547434E+2
7.710442E+2	6.540203E+1	6.367311E-3	6.132686E-3	6.718725E-4	7.476431E-3	2.541830E+2
7.722542E+2	6.478418E+1	6.356410E-3	6.120252E-3	6.744140E-4	7.469080E-3	2.537479E+2
7.734632E+2	6.415962E+1	6.344686E-3	6.106651E-3	6.764061E-4	7.459464E-3	2.532799E+2
7.746731E+2	6.354855E+1	6.333435E-3	6.091608E-3	6.786729E-4	7.448954E-3	2.528307E+2
7.758841E+2	6.282687E+1	6.318867E-3	6.075877E-3	6.819014E-4	7.439679E-3	2.522492E+2
7.770940E+2	6.222728E+1	6.306437E-3	6.061315E-3	6.838247E-4	7.428964E-3	2.517530E+2
7.783050E+2	6.178942E+1	6.293655E-3	6.047507E-3	6.865723E-4	7.420652E-3	2.512427E+2
7.795159E+2	6.111763E+1	6.283180E-3	6.035487E-3	6.885644E-4	7.412615E-3	2.508245E+2
7.807268E+2	6.052473E+1	6.270670E-3	6.021336E-3	6.904877E-4	7.402312E-3	2.503251E+2
7.819378E+2	6.002058E+1	6.257605E-3	6.006842E-3	6.934415E-4	7.393725E-3	2.498036E+2
7.831487E+2	5.932219E+1	6.244763E-3	5.993998E-3	6.950214E-4	7.384041E-3	2.492909E+2
7.843587E+2	5.884582E+1	6.234576E-3	5.981977E-3	6.970821E-4	7.376141E-3	2.488843E+2
7.855696E+2	5.832681E+1	6.219028E-3	5.964598E-3	7.004480E-4	7.365494E-3	2.482636E+2
7.867796E+2	5.768720E+1	6.209638E-3	5.954088E-3	7.018218E-4	7.357731E-3	2.478888E+2
7.879915E+2	5.712028E+1	6.197202E-3	5.940761E-3	7.040199E-4	7.348801E-3	2.473923E+2
7.892014E+2	5.657079E+1	6.185630E-3	5.927435E-3	7.066302E-4	7.340695E-3	2.469304E+2
7.904124E+2	5.602803E+1	6.173049E-3	5.914315E-3	7.080727E-4	7.330460E-3	2.464281E+2
7.916214E+2	5.544280E+1	6.159658E-3	5.899409E-3	7.106143E-4	7.320637E-3	2.458935E+2
7.928323E+2	5.489936E+1	6.147184E-3	5.886083E-3	7.129497E-4	7.311983E-3	2.453956E+2
7.940423E+2	5.433468E+1	6.134977E-3	5.872826E-3	7.156974E-4	7.304221E-3	2.449083E+2
7.952532E+2	5.377464E+1	6.122296E-3	5.858744E-3	7.176895E-4	7.294123E-3	2.444020E+2
7.964632E+2	5.328178E+1	6.110748E-3	5.846449E-3	7.199563E-4	7.286361E-3	2.439410E+2
7.976741E+2	5.277413E+1	6.096934E-3	5.832504E-3	7.220857E-4	7.276676E-3	2.433896E+2
7.988841E+2	5.240953E+1	6.085078E-3	5.819110E-3	7.241464E-4	7.267403E-3	2.429163E+2
8.000950E+2	5.189866E+1	6.078186E-3	5.811004E-3	7.253828E-4	7.261769E-3	2.426412E+2
8.013050E+2	5.131616E+1	6.064200E-3	5.795754E-3	7.279931E-4	7.251741E-3	2.420829E+2
8.025159E+2	5.075051E+1	6.051081E-3	5.781329E-3	7.295043E-4	7.240338E-3	2.415591E+2
8.037268E+2	5.016163E+1	6.036391E-3	5.766492E-3	7.314964E-4	7.229485E-3	2.409727E+2
8.049368E+2	4.957580E+1	6.022008E-3	5.751242E-3	7.341066E-4	7.219455E-3	2.403986E+2
8.061468E+2	4.920819E+1	6.007520E-3	5.737228E-3	7.361673E-4	7.209563E-3	2.398202E+2
8.073567E+2	4.882341E+1	6.002818E-3	5.730978E-3	7.376786E-4	7.206335E-3	2.396325E+2
8.085667E+2	4.822093E+1	5.987615E-3	5.715798E-3	7.404262E-4	7.196650E-3	2.390256E+2
8.097776E+2	4.773160E+1	5.975304E-3	5.702265E-3	7.424869E-4	7.187239E-3	2.385341E+2
8.109876E+2	4.724485E+1	5.960899E-3	5.688321E-3	7.445477E-4	7.177417E-3	2.379591E+2
8.121985E+2	4.696494E+1	5.951896E-3	5.677331E-3	7.466771E-4	7.170685E-3	2.375997E+2
8.134095E+2	4.646085E+1	5.942122E-3	5.667921E-3	7.481197E-4	7.164160E-3	2.372095E+2
8.146204E+2	4.592317E+1	5.928518E-3	5.653152E-3	7.499743E-4	7.153100E-3	2.366664E+2
8.158304E+2	4.542293E+1	5.914863E-3	5.640032E-3	7.527220E-4	7.145476E-3	2.361213E+2
8.170413E+2	4.492168E+1	5.900513E-3	5.625882E-3	7.545079E-4	7.134898E-3	2.355485E+2
8.182522E+2	4.450232E+1	5.888777E-3	5.614273E-3	7.558817E-4	7.126036E-3	2.350800E+2
8.194632E+2	4.404817E+1	5.876149E-3	5.601359E-3	7.582172E-4	7.117793E-3	2.345759E+2
8.206731E+2	4.352791E+1	5.862259E-3	5.587482E-3	7.604840E-4	7.108450E-3	2.340214E+2
8.218841E+2	4.335880E+1	5.855852E-3	5.578896E-3	7.623387E-4	7.103573E-3	2.337656E+2
8.230950E+2	4.286665E+1	5.843581E-3	5.568111E-3	7.634377E-4	7.094987E-3	2.332758E+2
8.243059E+2	4.240151E+1	5.826294E-3	5.549908E-3	7.658419E-4	7.081592E-3	2.325857E+2
8.255159E+2	4.197226E+1	5.817709E-3	5.542352E-3	7.668036E-4	7.075959E-3	2.322429E+2
8.267268E+2	4.153145E+1	5.806231E-3	5.529300E-3	7.689330E-4	7.067166E-3	2.317847E+2
8.279368E+2	4.103864E+1	5.792614E-3	5.515630E-3	7.710624E-4	7.057755E-3	2.312411E+2
8.291477E+2	4.060334E+1	5.780571E-3	5.502991E-3	7.729857E-4	7.048963E-3	2.307604E+2
8.303587E+2	4.018502E+1	5.768909E-3	5.490971E-3	7.747717E-4	7.040514E-3	2.302949E+2
8.315686E+2	3.973783E+1	5.755710E-3	5.478194E-3	7.766264E-4	7.031447E-3	2.297679E+2
8.327796E+2	3.937246E+1	5.743403E-3	5.464387E-3	7.789619E-4	7.022311E-3	2.292767E+2
8.339895E+2	3.896051E+1	5.726851E-3	5.450236E-3	7.808852E-4	7.012007E-3	2.286159E+2
8.352014E+2	3.862303E+1	5.717691E-3	5.440276E-3	7.817095E-4	7.003695E-3	2.282502E+2
8.364124E+2	3.825280E+1	5.706318E-3	5.429836E-3	7.835642E-4	6.996964E-3	2.277962E+2
8.376223E+2	3.784958E+1	5.695044E-3	5.416853E-3	7.854875E-4	6.987828E-3	2.273462E+2
8.388323E+2	3.728787E+1	5.680994E-3	5.404969E-3	7.871361E-4	6.979242E-3	2.267853E+2
8.400432E+2	3.695223E+1	5.671156E-3	5.394460E-3	7.883726E-4	6.971205E-3	2.263926E+2
8.412542E+2	3.656204E+1	5.657970E-3	5.382026E-3	7.901585E-4	6.962343E-3	2.258661E+2
8.424641E+2	3.617287E+1	5.645934E-3	5.369593E-3	7.920132E-4	6.953619E-3	2.253857E+2
8.436751E+2	3.579436E+1	5.633328E-3	5.356679E-3	7.931122E-4	6.942904E-3	2.248825E+2
8.448860E+2	3.537024E+1	5.619993E-3	5.344040E-3	7.951730E-4	6.934386E-3	2.243501E+2
8.460960E+2	3.500328E+1	5.607775E-3	5.333531E-3	7.973024E-4	6.928136E-3	2.238624E+2
8.473069E+2	3.463550E+1	5.595642E-3	5.320960E-3	7.982641E-4	6.917488E-3	2.233780E+2
8.485179E+2	3.424502E+1	5.582812E-3	5.308733E-3	8.001875E-4	6.909108E-3	2.228658E+2
8.497288E+2	3.390823E+1	5.570859E-3	5.297399E-3	8.020421E-4	6.901483E-3	2.223887E+2
8.509397E+2	3.350424E+1	5.557905E-3	5.284348E-3	8.025916E-4	6.889531E-3	2.218715E+2
8.521497E+2	3.318055E+1	5.547300E-3	5.273494E-3	8.044462E-4	6.882386E-3	2.214482E+2
8.533606E+2	3.280782E+1	5.533873E-3	5.260923E-3	8.061635E-4	6.873250E-3	2.209122E+2
8.545716E+2	3.245689E+1	5.522722E-3	5.250140E-3	8.074000E-4	6.864940E-3	2.204671E+2
8.557815E+2	3.212279E+1	5.509773E-3	5.237363E-3	8.091860E-4	6.855735E-3	2.199501E+2
8.569934E+2	3.174300E+1	5.497702E-3	5.225548E-3	8.102850E-4	6.846118E-3	2.194683E+2
8.582034E+2	3.141857E+1	5.485916E-3	5.214213E-3	8.124831E-4	6.839180E-3	2.189978E+2
8.594134E+2	3.105010E+1	5.472155E-3	5.201505E-3	8.142003E-4	6.829906E-3	2.184484E+2
8.606243E+2	3.072765E+1	5.461645E-3	5.190789E-3	8.151620E-4	6.821113E-3	2.180289E+2
8.618352E+2	3.036528E+1	5.449412E-3	5.178150E-3	8.170166E-4	6.812183E-3	2.175405E+2
8.630462E+2	3.001350E+1	5.437124E-3	5.165786E-3	8.184592E-4	6.802704E-3	2.170500E+2
8.642571E+2	2.967286E+1	5.424606E-3	5.153421E-3	8.201078E-4	6.793637E-3	2.165503E+2
8.654680E+2	2.929285E+1	5.411600E-3	5.140920E-3	8.216877E-4	6.784295E-3	2.160311E+2
8.666790E+2	2.897389E+1	5.399776E-3	5.128968E-3	8.229928E-4	6.774953E-3	2.155591E+2
8.678899E+2	2.860543E+1	5.385675E-3	5.116397E-3	8.251222E-4	6.766642E-3	2.149962E+2
8.690999E+2	2.831223E+1	5.375470E-3	5.105750E-3	8.258091E-4	6.757368E-3	2.145888E+2
8.703118E+2	2.796233E+1	5.362160E-3	5.093179E-3	8.272516E-4	6.747682E-3	2.140574E+2
8.715218E+2	2.767616E+1	5.350742E-3	5.082189E-3	8.291064E-4	6.740402E-3	2.136016E+2
8.727327E+2	2.733157E+1	5.337760E-3	5.069550E-3	8.302054E-4	6.729960E-3	2.130834E+2
8.739436E+2	2.704835E+1	5.325748E-3	5.058490E-3	8.316479E-4	6.721786E-3	2.126039E+2
8.751546E+2	2.672309E+1	5.313976E-3	5.046812E-3	8.326782E-4	6.712169E-3	2.121339E+2
8.763665E+2	2.643421E+1	5.301920E-3	5.035410E-3	8.343268E-4	6.704063E-3	2.116527E+2
8.775764E+2	2.611880E+1	5.290506E-3	5.023664E-3	8.352885E-4	6.694241E-3	2.111970E+2
8.787874E+2	2.580178E+1	5.278125E-3	5.011163E-3	8.369371E-4	6.685037E-3	2.107028E+2
8.799964E+2	2.549021E+1	5.266017E-3	4.999279E-3	8.385170E-4	6.676313E-3	2.102194E+2
8.812073E+2	2.515473E+1	5.253027E-3	4.986708E-3	8.396161E-4	6.665940E-3	2.097009E+2
8.824182E+2	2.485279E+1	5.240706E-3	4.974412E-3	8.411959E-4	6.656804E-3	2.092090E+2
8.836282E+2	2.452728E+1	5.228534E-3	4.961155E-3	8.421576E-4	6.645471E-3	2.087231E+2
8.848382E+2	2.424223E+1	5.216177E-3	4.948996E-3	8.443557E-4	6.637708E-3	2.082298E+2
8.860481E+2	2.391306E+1	5.203885E-3	4.937250E-3	8.455922E-4	6.628435E-3	2.077391E+2
8.872581E+2	2.362988E+1	5.191736E-3	4.924954E-3	8.468973E-4	6.618749E-3	2.072541E+2
8.884680E+2	2.331104E+1	5.178589E-3	4.912384E-3	8.480650E-4	6.608514E-3	2.067293E+2
8.896790E+2	2.305120E+1	5.167796E-3	4.900638E-3	8.484772E-4	6.597592E-3	2.062984E+2
8.908889E+2	2.273569E+1	5.154612E-3	4.888136E-3	8.504692E-4	6.589074E-3	2.057721E+2
8.920989E+2	2.246596E+1	5.143306E-3	4.876115E-3	8.514996E-4	6.579114E-3	2.053208E+2
8.933098E+2	2.215004E+1	5.130312E-3	4.863132E-3	8.522552E-4	6.567643E-3	2.048020E+2
8.945198E+2	2.189604E+1	5.119145E-3	4.852211E-3	8.539038E-4	6.560018E-3	2.043563E+2
8.957307E+2	2.157753E+1	5.105548E-3	4.838747E-3	8.545907E-4	6.547928E-3	2.038135E+2
8.969407E+2	2.131536E+1	5.093252E-3	4.827413E-3	8.558958E-4	6.539204E-3	2.033226E+2
8.981507E+2	2.101986E+1	5.080603E-3	4.814155E-3	8.572696E-4	6.528695E-3	2.028177E+2
8.993616E+2	2.078099E+1	5.069751E-3	4.803371E-3	8.585061E-4	6.520383E-3	2.023845E+2
9.005716E+2	2.048752E+1	5.056488E-3	4.790320E-3	8.593990E-4	6.509118E-3	2.018550E+2
9.017835E+2	2.023187E+1	5.045325E-3	4.778367E-3	8.608415E-4	6.500051E-3	2.014094E+2
9.029934E+2	1.994450E+1	5.032511E-3	4.765591E-3	8.618719E-4	6.489334E-3	2.008978E+2
9.042044E+2	1.967329E+1	5.020448E-3	4.752265E-3	8.624215E-4	6.477108E-3	2.004163E+2
9.054134E+2	1.939879E+1	5.006736E-3	4.740038E-3	8.635205E-4	6.467079E-3	1.998689E+2
9.066243E+2	1.915637E+1	4.996101E-3	4.729115E-3	8.655812E-4	6.460278E-3	1.994443E+2
9.078343E+2	1.888676E+1	4.982990E-3	4.715721E-3	8.661994E-4	6.448120E-3	1.989210E+2
9.090452E+2	1.863716E+1	4.971240E-3	4.703906E-3	8.670924E-4	6.438091E-3	1.984519E+2
9.102552E+2	1.839093E+1	4.959592E-3	4.692091E-3	8.680541E-4	6.428199E-3	1.979869E+2
9.114651E+2	1.812730E+1	4.946761E-3	4.679246E-3	8.694280E-4	6.418102E-3	1.974747E+2
9.126751E+2	1.788531E+1	4.934550E-3	4.667637E-3	8.699775E-4	6.407592E-3	1.969872E+2
9.138850E+2	1.762090E+1	4.921308E-3	4.654311E-3	8.716948E-4	6.397701E-3	1.964586E+2
9.150960E+2	1.741031E+1	4.909970E-3	4.643458E-3	8.723129E-4	6.388084E-3	1.960060E+2
9.163059E+2	1.715389E+1	4.896853E-3	4.629925E-3	8.731372E-4	6.376200E-3	1.954824E+2
9.175159E+2	1.695399E+1	4.885887E-3	4.619072E-3	8.738241E-4	6.366720E-3	1.950446E+2
9.187259E+2	1.670867E+1	4.873203E-3	4.606708E-3	8.747171E-4	6.356142E-3	1.945382E+2
9.199358E+2	1.647703E+1	4.861046E-3	4.594962E-3	8.750606E-4	6.345083E-3	1.940530E+2
9.211458E+2	1.623312E+1	4.848643E-3	4.581911E-3	8.766405E-4	6.335192E-3	1.935578E+2
9.223557E+2	1.600432E+1	4.836456E-3	4.569615E-3	8.774648E-4	6.324545E-3	1.930713E+2
9.235667E+2	1.578190E+1	4.823779E-3	4.557113E-3	8.777396E-4	6.312592E-3	1.925652E+2
9.247776E+2	1.554572E+1	4.811247E-3	4.544199E-3	8.785638E-4	6.301327E-3	1.920650E+2
9.259876E+2	1.535325E+1	4.800112E-3	4.532659E-3	8.793194E-4	6.291298E-3	1.916205E+2
9.271985E+2	1.510627E+1	4.786913E-3	4.519745E-3	8.805559E-4	6.280857E-3	1.910936E+2
9.284104E+2	1.491394E+1	4.775810E-3	4.508412E-3	8.815176E-4	6.271447E-3	1.906503E+2
9.296214E+2	1.467764E+1	4.761534E-3	4.495154E-3	8.819297E-4	6.259013E-3	1.900804E+2
9.308323E+2	1.447975E+1	4.749985E-3	4.482721E-3	8.823418E-4	6.247404E-3	1.896194E+2
9.320423E+2	1.428073E+1	4.738359E-3	4.471386E-3	8.837156E-4	6.238817E-3	1.891553E+2
9.332532E+2	1.405407E+1	4.725378E-3	4.457991E-3	8.846086E-4	6.227208E-3	1.886371E+2
9.344641E+2	1.388417E+1	4.714610E-3	4.447413E-3	8.847460E-4	6.216905E-3	1.882072E+2
9.356741E+2	1.366721E+1	4.701811E-3	4.435393E-3	8.854329E-4	6.206258E-3	1.876963E+2
9.368860E+2	1.347972E+1	4.690333E-3	4.423303E-3	8.857764E-4	6.194855E-3	1.872381E+2
9.380970E+2	1.325660E+1	4.677277E-3	4.409770E-3	8.866007E-4	6.182972E-3	1.867169E+2
9.393079E+2	1.304762E+1	4.663947E-3	4.396513E-3	8.880432E-4	6.172600E-3	1.861848E+2
9.405198E+2	1.285782E+1	4.651810E-3	4.384630E-3	8.881119E-4	6.160854E-3	1.857002E+2
9.417307E+2	1.266138E+1	4.639198E-3	4.371647E-3	8.886614E-4	6.148970E-3	1.851968E+2
9.429427E+2	1.250826E+1	4.628078E-3	4.360863E-3	8.890735E-4	6.139010E-3	1.847529E+2
9.441536E+2	1.230781E+1	4.615443E-3	4.347398E-3	8.899665E-4	6.127331E-3	1.842485E+2
9.453665E+2	1.211854E+1	4.603214E-3	4.335721E-3	8.900352E-4	6.115792E-3	1.837603E+2
9.465774E+2	1.194503E+1	4.591439E-3	4.323357E-3	8.907908E-4	6.104938E-3	1.832903E+2
9.477884E+2	1.175050E+1	4.578242E-3	4.310306E-3	8.914777E-4	6.093261E-3	1.827634E+2
9.489993E+2	1.159874E+1	4.566722E-3	4.299453E-3	8.911343E-4	6.081722E-3	1.823036E+2
9.502112E+2	1.140802E+1	4.553641E-3	4.285851E-3	8.914777E-4	6.068807E-3	1.817813E+2
9.514221E+2	1.122284E+1	4.541415E-3	4.273419E-3	8.923708E-4	6.058160E-3	1.812933E+2
9.526331E+2	1.107325E+1	4.529561E-3	4.261673E-3	8.923708E-4	6.046414E-3	1.808201E+2
9.538440E+2	1.087521E+1	4.516068E-3	4.249034E-3	8.929890E-4	6.035012E-3	1.802814E+2
9.550559E+2	1.074201E+1	4.505203E-3	4.237494E-3	8.940194E-4	6.025533E-3	1.798477E+2
9.562679E+2	1.056489E+1	4.492750E-3	4.225129E-3	8.940881E-4	6.013305E-3	1.793506E+2
9.574788E+2	1.039536E+1	4.479771E-3	4.212147E-3	8.937446E-4	5.999636E-3	1.788325E+2
9.586897E+2	1.025084E+1	4.468454E-3	4.201019E-3	8.949124E-4	5.990844E-3	1.783807E+2
9.599007E+2	1.009002E+1	4.456231E-3	4.188723E-3	8.951871E-4	5.979098E-3	1.778928E+2
9.611116E+2	9.934848E+0	4.444282E-3	4.176152E-3	8.952558E-4	5.966664E-3	1.774157E+2
9.623225E+2	9.770056E+0	4.431282E-3	4.163651E-3	8.958740E-4	5.955399E-3	1.768968E+2
9.635354E+2	9.612042E+0	4.419467E-3	4.149912E-3	8.953931E-4	5.940699E-3	1.764251E+2
9.647454E+2	9.476582E+0	4.407792E-3	4.138990E-3	8.958053E-4	5.930601E-3	1.759591E+2
9.659554E+2	9.316796E+0	4.395143E-3	4.125321E-3	8.963549E-4	5.918031E-3	1.754541E+2
9.671653E+2	9.150073E+0	4.381973E-3	4.112132E-3	8.962862E-4	5.904705E-3	1.749283E+2
9.683772E+2	9.026297E+0	4.371264E-3	4.101142E-3	8.966983E-4	5.894538E-3	1.745009E+2
9.695882E+2	8.875654E+0	4.359391E-3	4.088434E-3	8.961487E-4	5.880731E-3	1.740269E+2
9.708001E+2	8.738385E+0	4.348020E-3	4.076343E-3	8.962861E-4	5.868916E-3	1.735730E+2
9.720110E+2	8.585658E+0	4.335711E-3	4.063292E-3	8.967670E-4	5.856826E-3	1.730816E+2
9.732220E+2	8.429850E+0	4.322771E-3	4.050241E-3	8.972478E-4	5.844737E-3	1.725650E+2
9.744339E+2	8.313693E+0	4.311837E-3	4.039044E-3	8.971791E-4	5.833403E-3	1.721285E+2
9.756448E+2	8.159390E+0	4.298556E-3	4.025100E-3	8.963548E-4	5.817810E-3	1.715984E+2
9.768557E+2	8.019061E+0	4.286313E-3	4.011637E-3	8.969043E-4	5.805446E-3	1.711096E+2
9.780667E+2	7.889312E+0	4.274212E-3	3.999685E-3	8.971104E-4	5.793906E-3	1.706266E+2
9.792776E+2	7.744742E+0	4.261209E-3	3.986565E-3	8.975226E-4	5.781610E-3	1.701074E+2
9.804895E+2	7.626740E+0	4.250272E-3	3.974200E-3	8.971104E-4	5.768421E-3	1.696708E+2
9.817024E+2	7.486834E+0	4.237628E-3	3.961424E-3	8.970417E-4	5.755507E-3	1.691661E+2
9.829134E+2	7.340511E+0	4.224338E-3	3.946930E-3	8.971103E-4	5.741150E-3	1.686356E+2
9.841243E+2	7.231543E+0	4.212931E-3	3.935527E-3	8.967670E-4	5.729061E-3	1.681802E+2
9.853352E+2	7.098925E+0	4.200305E-3	3.922613E-3	8.968356E-4	5.716284E-3	1.676762E+2
9.865471E+2	6.982859E+0	4.188570E-3	3.910317E-3	8.962174E-4	5.702752E-3	1.672077E+2
9.877581E+2	6.864618E+0	4.176452E-3	3.897953E-3	8.969730E-4	5.691899E-3	1.667240E+2
9.889700E+2	6.739704E+0	4.164677E-3	3.885383E-3	8.961487E-4	5.677680E-3	1.662539E+2
9.901819E+2	6.634192E+0	4.153310E-3	3.872675E-3	8.962174E-4	5.665110E-3	1.658001E+2
9.913929E+2	6.506720E+0	4.140963E-3	3.859967E-3	8.954618E-4	5.650891E-3	1.653072E+2
9.926038E+2	6.373388E+0	4.128283E-3	3.846366E-3	8.954618E-4	5.637290E-3	1.648011E+2
9.938157E+2	6.275170E+0	4.117442E-3	3.834071E-3	8.948436E-4	5.623758E-3	1.643683E+2
9.950276E+2	6.151259E+0	4.104998E-3	3.820057E-3	8.953931E-4	5.610843E-3	1.638715E+2
9.962386E+2	6.050984E+0	4.093658E-3	3.807968E-3	8.942253E-4	5.596418E-3	1.634188E+2
9.974514E+2	5.936629E+0	4.081880E-3	3.795878E-3	8.939506E-4	5.583779E-3	1.629486E+2
9.986624E+2	5.824628E+0	4.070133E-3	3.782139E-3	8.941566E-4	5.570453E-3	1.624797E+2
9.998733E+2	5.735055E+0	4.060641E-3	3.771630E-3	8.941566E-4	5.559943E-3	1.621008E+2
1.001084E+3	5.634152E+0	4.050070E-3	3.759197E-3	8.935385E-4	5.546274E-3	1.616788E+2
1.002296E+3	5.549307E+0	4.040508E-3	3.748550E-3	8.940193E-4	5.536589E-3	1.612971E+2
1.003507E+3	5.459309E+0	4.031953E-3	3.737560E-3	8.929202E-4	5.523400E-3	1.609556E+2
1.004719E+3	5.396220E+0	4.026225E-3	3.729385E-3	8.925768E-4	5.514539E-3	1.607269E+2
1.005930E+3	5.331645E+0	4.021965E-3	3.720867E-3	8.924394E-4	5.505746E-3	1.605569E+2
1.007141E+3	5.246036E+0	4.016485E-3	3.710838E-3	8.917524E-4	5.494343E-3	1.603381E+2
1.008353E+3	5.151635E+0	4.010201E-3	3.699916E-3	8.914089E-4	5.482734E-3	1.600872E+2
1.009565E+3	5.049176E+0	4.003759E-3	3.687689E-3	8.907908E-4	5.469271E-3	1.598300E+2
1.010776E+3	4.907045E+0	3.993758E-3	3.672097E-3	8.903787E-4	5.452854E-3	1.594308E+2
1.011987E+3	4.737913E+0	3.979428E-3	3.651833E-3	8.894170E-4	5.430667E-3	1.588588E+2
1.013199E+3	4.552786E+0	3.959873E-3	3.627035E-3	8.885240E-4	5.404083E-3	1.580781E+2
1.014410E+3	4.370571E+0	3.937429E-3	3.600521E-3	8.864632E-4	5.373447E-3	1.571822E+2
1.015621E+3	4.199524E+0	3.916169E-3	3.574280E-3	8.853641E-4	5.345009E-3	1.563335E+2
1.016832E+3	4.041785E+0	3.894554E-3	3.549688E-3	8.836468E-4	5.316982E-3	1.554706E+2
1.018043E+3	3.928110E+0	3.877631E-3	3.529768E-3	8.830974E-4	5.295963E-3	1.547950E+2
1.019255E+3	3.811748E+0	3.860723E-3	3.510122E-3	8.822043E-4	5.274531E-3	1.541201E+2
1.020466E+3	3.720725E+0	3.846140E-3	3.494392E-3	8.808993E-4	5.256191E-3	1.535379E+2
1.021677E+3	3.613524E+0	3.830584E-3	3.476464E-3	8.809679E-4	5.238400E-3	1.529169E+2
1.022889E+3	3.523293E+0	3.817111E-3	3.460459E-3	8.797315E-4	5.219922E-3	1.523791E+2
1.024100E+3	3.447318E+0	3.804506E-3	3.446309E-3	8.788385E-4	5.203986E-3	1.518759E+2
1.025311E+3	3.358486E+0	3.790876E-3	3.431128E-3	8.778768E-4	5.186881E-3	1.513318E+2
1.026523E+3	3.262325E+0	3.776578E-3	3.414298E-3	8.765717E-4	5.167442E-3	1.507610E+2
1.027734E+3	3.216532E+0	3.766982E-3	3.403239E-3	8.764343E-4	5.156108E-3	1.503779E+2
1.028946E+3	3.119211E+0	3.752823E-3	3.387372E-3	8.747857E-4	5.136943E-3	1.498127E+2
1.030157E+3	3.036975E+0	3.739830E-3	3.371779E-3	8.736180E-4	5.119015E-3	1.492940E+2
1.031368E+3	2.981193E+0	3.728876E-3	3.359346E-3	8.729998E-4	5.105346E-3	1.488567E+2
1.032580E+3	2.902802E+0	3.715977E-3	3.345265E-3	8.721068E-4	5.089478E-3	1.483418E+2
1.033792E+3	2.827548E+0	3.703086E-3	3.330221E-3	8.710077E-4	5.072237E-3	1.478272E+2
1.035004E+3	2.748993E+0	3.689804E-3	3.315109E-3	8.697713E-4	5.054652E-3	1.472970E+2
1.036215E+3	2.697531E+0	3.679413E-3	3.302882E-3	8.690157E-4	5.040913E-3	1.468821E+2
1.037427E+3	2.616269E+0	3.665184E-3	3.287701E-3	8.682600E-4	5.024221E-3	1.463141E+2
1.038638E+3	2.549730E+0	3.652574E-3	3.273001E-3	8.662680E-4	5.005537E-3	1.458107E+2
1.039849E+3	2.491899E+0	3.640836E-3	3.259331E-3	8.653064E-4	4.989944E-3	1.453422E+2
1.041061E+3	2.424929E+0	3.628346E-3	3.245868E-3	8.646194E-4	4.975107E-3	1.448436E+2
1.042272E+3	2.363571E+0	3.616538E-3	3.232198E-3	8.637264E-4	4.959651E-3	1.443722E+2
1.043484E+3	2.288621E+0	3.602341E-3	3.215438E-3	8.622839E-4	4.940005E-3	1.438055E+2
1.044695E+3	2.245739E+0	3.591761E-3	3.203966E-3	8.618030E-4	4.927572E-3	1.433831E+2
1.045906E+3	2.186537E+0	3.580408E-3	3.191259E-3	8.609101E-4	4.913079E-3	1.429299E+2
1.047117E+3	2.115927E+0	3.565994E-3	3.175666E-3	8.596050E-4	4.894876E-3	1.423545E+2
1.048329E+3	2.053035E+0	3.553076E-3	3.160073E-3	8.582998E-4	4.876673E-3	1.418388E+2
1.049539E+3	2.015575E+0	3.542412E-3	3.148670E-3	8.572008E-4	4.863072E-3	1.414131E+2
1.050751E+3	1.949856E+0	3.529909E-3	3.134657E-3	8.560331E-4	4.846723E-3	1.409140E+2
1.051962E+3	1.894569E+0	3.517515E-3	3.120507E-3	8.545906E-4	4.829688E-3	1.404192E+2
1.053173E+3	1.830533E+0	3.503700E-3	3.105120E-3	8.537662E-4	4.812652E-3	1.398677E+2
1.054384E+3	1.795708E+0	3.493158E-3	3.093374E-3	8.522550E-4	4.797884E-3	1.394469E+2
1.055595E+3	1.738909E+0	3.481436E-3	3.080047E-3	8.511559E-4	4.782359E-3	1.389789E+2
1.056807E+3	1.681870E+0	3.468055E-3	3.065073E-3	8.497821E-4	4.764637E-3	1.384447E+2
1.058018E+3	1.620604E+0	3.454354E-3	3.049480E-3	8.484083E-4	4.746297E-3	1.378978E+2
1.059229E+3	1.587709E+0	3.443222E-3	3.037734E-3	8.475154E-4	4.732765E-3	1.374534E+2
1.060436E+3	1.538155E+0	3.432019E-3	3.025095E-3	8.457981E-4	4.716691E-3	1.370062E+2
1.061643E+3	1.481419E+0	3.418057E-3	3.009639E-3	8.450425E-4	4.699724E-3	1.364488E+2
1.062849E+3	1.434615E+0	3.405587E-3	2.995833E-3	8.431191E-4	4.682071E-3	1.359510E+2
1.064057E+3	1.388877E+0	3.393995E-3	2.981682E-3	8.420887E-4	4.665860E-3	1.354883E+2
1.065263E+3	1.352420E+0	3.383016E-3	2.969661E-3	8.407149E-4	4.651091E-3	1.350500E+2
1.066469E+3	1.297586E+0	3.370219E-3	2.955717E-3	8.394097E-4	4.634536E-3	1.345392E+2
1.067676E+3	1.251042E+0	3.357746E-3	2.941360E-3	8.381046E-4	4.617569E-3	1.340412E+2
1.068883E+3	1.195417E+0	3.343583E-3	2.926179E-3	8.361812E-4	4.598542E-3	1.334758E+2
1.070091E+3	1.169343E+0	3.333029E-3	2.913952E-3	8.349448E-4	4.583842E-3	1.330545E+2
1.071298E+3	1.124468E+0	3.320482E-3	2.900420E-3	8.338458E-4	4.568112E-3	1.325536E+2
1.072505E+3	1.077472E+0	3.307426E-3	2.886819E-3	8.319224E-4	4.550664E-3	1.320325E+2
1.073712E+3	1.039707E+0	3.294462E-3	2.873631E-3	8.308233E-4	4.535278E-3	1.315149E+2
1.074924E+3	1.003724E+0	3.282785E-3	2.860374E-3	8.293809E-4	4.519135E-3	1.310488E+2
1.076136E+3	9.793321E-1	3.272668E-3	2.850482E-3	8.279384E-4	4.506359E-3	1.306449E+2
1.077348E+3	9.303292E-1	3.260354E-3	2.836607E-3	8.262898E-4	4.489186E-3	1.301533E+2
1.078559E+3	8.920060E-1	3.247825E-3	2.823212E-3	8.249846E-4	4.473181E-3	1.296532E+2
1.079771E+3	8.461271E-1	3.234831E-3	2.808511E-3	8.231299E-4	4.454771E-3	1.291345E+2
1.080983E+3	8.188443E-1	3.223870E-3	2.795941E-3	8.223743E-4	4.440690E-3	1.286969E+2
1.082194E+3	7.872148E-1	3.212584E-3	2.785088E-3	8.205884E-4	4.426265E-3	1.282464E+2
1.083406E+3	7.388975E-1	3.199688E-3	2.770457E-3	8.190085E-4	4.408474E-3	1.277316E+2
1.084617E+3	6.983691E-1	3.185606E-3	2.756444E-3	8.172911E-4	4.391026E-3	1.271694E+2
1.085829E+3	6.683439E-1	3.172605E-3	2.742843E-3	8.159860E-4	4.374815E-3	1.266504E+2
1.087039E+3	6.464187E-1	3.162212E-3	2.732470E-3	8.148183E-4	4.362107E-3	1.262355E+2
1.088250E+3	6.074949E-1	3.149451E-3	2.719282E-3	8.124828E-4	4.344247E-3	1.257261E+2
1.089462E+3	5.739993E-1	3.136353E-3	2.706574E-3	8.116585E-4	4.329891E-3	1.252032E+2
1.090673E+3	5.364821E-1	3.123361E-3	2.693797E-3	8.092543E-4	4.312306E-3	1.246846E+2
1.091884E+3	5.093548E-1	3.109967E-3	2.681501E-3	8.087048E-4	4.298911E-3	1.241499E+2
1.093096E+3	4.965262E-1	3.100305E-3	2.671953E-3	8.076744E-4	4.287302E-3	1.237642E+2
1.094307E+3	4.590302E-1	3.088661E-3	2.660345E-3	8.058884E-4	4.272121E-3	1.232994E+2
1.095518E+3	4.253014E-1	3.075358E-3	2.648186E-3	8.043086E-4	4.256804E-3	1.227683E+2
1.096730E+3	4.006621E-1	3.062373E-3	2.636028E-3	8.028660E-4	4.241760E-3	1.222499E+2
1.097941E+3	3.739731E-1	3.050003E-3	2.625106E-3	8.014922E-4	4.228091E-3	1.217561E+2
1.099152E+3	3.586071E-1	3.039388E-3	2.615902E-3	8.001871E-4	4.216276E-3	1.213324E+2
1.100363E+3	3.340950E-1	3.028454E-3	2.606697E-3	7.993628E-4	4.205422E-3	1.208959E+2
1.101574E+3	3.052785E-1	3.014128E-3	2.595981E-3	7.973707E-4	4.190723E-3	1.203240E+2
1.102786E+3	2.824345E-1	3.001879E-3	2.586364E-3	7.963403E-4	4.179045E-3	1.198350E+2
1.103996E+3	2.580568E-1	2.987426E-3	2.576885E-3	7.948978E-4	4.166681E-3	1.192580E+2
1.105207E+3	2.479707E-1	2.977208E-3	2.569192E-3	7.938675E-4	4.156927E-3	1.188502E+2
1.106418E+3	2.326824E-1	2.966325E-3	2.561704E-3	7.927684E-4	4.147241E-3	1.184157E+2
1.107625E+3	2.098526E-1	2.955111E-3	2.555179E-3	7.917381E-4	4.138655E-3	1.179680E+2
1.108833E+3	1.839340E-1	2.942642E-3	2.547348E-3	7.907765E-4	4.128901E-3	1.174703E+2
1.110040E+3	1.624754E-1	2.927628E-3	2.539449E-3	7.894026E-4	4.118254E-3	1.168709E+2
1.111247E+3	1.521277E-1	2.916716E-3	2.534297E-3	7.885783E-4	4.111453E-3	1.164353E+2
1.112455E+3	1.394052E-1	2.907343E-3	2.528114E-3	7.880974E-4	4.104309E-3	1.160611E+2
1.113662E+3	1.156565E-1	2.892137E-3	2.521658E-3	7.867236E-4	4.095105E-3	1.154541E+2
1.114870E+3	1.025594E-1	2.878847E-3	2.515544E-3	7.852811E-4	4.086106E-3	1.149236E+2
1.116078E+3	9.011955E-2	2.866072E-3	2.511079E-3	7.848690E-4	4.080817E-3	1.144136E+2
1.117286E+3	7.929128E-2	2.852564E-3	2.505446E-3	7.841134E-4	4.073673E-3	1.138743E+2
1.118494E+3	7.151641E-2	2.841854E-3	2.501531E-3	7.834265E-4	4.068384E-3	1.134468E+2
1.119701E+3	5.724599E-2	2.830279E-3	2.497753E-3	7.825335E-4	4.062820E-3	1.129847E+2
1.120909E+3	4.665803E-2	2.816932E-3	2.493906E-3	7.821900E-4	4.058286E-3	1.124519E+2
1.122117E+3	3.799258E-2	2.803926E-3	2.490884E-3	7.810910E-4	4.053066E-3	1.119327E+2
1.123326E+3	2.914336E-2	2.794968E-3	2.488068E-3	7.802667E-4	4.048601E-3	1.115751E+2
1.124534E+3	2.326273E-2	2.785169E-3	2.486213E-3	7.804041E-4	4.047021E-3	1.111839E+2
